-3.14159265359 -7.34788079488e-16
-3.12413936107 -0.104661281761
-3.10668606855 -0.208971939017
-3.08923277603 -0.312582424828
-3.07177948351 -0.415145344277
-3.05432619099 -0.516316522721
-3.03687289847 -0.615756064757
-3.01941960595 -0.713129400842
-3.00196631343 -0.808108318553
-2.98451302091 -0.900371975509
-2.96705972839 -0.989607891016
-2.94960643587 -1.07551291359
-2.93215314335 -1.15779416154
-2.91469985083 -1.23616993392
-2.89724655831 -1.3103705891
-2.87979326579 -1.38013938866
-2.86233997327 -1.44523330378
-2.84488668075 -1.50542378215
-2.82743338823 -1.56049747291
-2.80998009571 -1.61025690764
-2.79252680319 -1.65452113531
-2.77507351067 -1.69312630939
-2.75762021815 -1.72592622543
-2.74016692563 -1.7527928073
-2.72271363311 -1.77361654101
-2.70526034059 -1.78830685437
-2.68780704807 -1.79679244178
-2.67035375555 -1.79902153278
-2.65290046303 -1.79496210378
-2.63544717051 -1.7846020322
-2.61799387799 -1.76794919243
-2.60054058547 -1.74503149346
-2.58308729295 -1.71589685774
-2.56563400043 -1.68061314152
-2.54818070791 -1.63926799654
-2.53072741539 -1.59196867365
-2.51327412287 -1.53884176859
-2.49582083035 -1.48003291077
-2.47836753783 -1.4157063957
-2.46091424531 -1.34604476215
-2.44346095279 -1.27124831502
-2.42600766027 -1.19153459534
-2.40855436775 -1.10713779875
-2.39110107523 -1.01830814391
-2.37364778271 -0.925311192853
-2.35619449019 -0.828427124746
-2.33874119767 -0.727949965377
-2.32128790515 -0.624186774249
-2.30383461263 -0.517456791618
-2.28638132011 -0.408090547785
-2.26892802759 -0.296428937095
-2.25147473507 -0.182822259208
-2.23402144255 -0.0676292302822
-2.21656815003 0.0487840331934
-2.19911485751 0.16604505509
-2.18166156499 0.283776061975
-2.16420827247 0.401595064125
-2.14675497995 0.519116952219
-2.12930168743 0.635954606639
-2.11184839491 0.751720016287
-2.09439510239 0.866025403784
-2.07694180987 0.978484353902
-2.05948851735 1.08871294205
-2.04203522483 1.19633085968
-2.02458193231 1.30096253337
-2.00712863979 1.40223823451
-1.98967534727 1.49979517644
-1.97222205475 1.59327859586
-1.95476876223 1.68234281558
-1.93731546971 1.76665228544
-1.91986217719 1.84588259859
-1.90240888467 1.9197214801
-1.88495559215 1.98786974517
-1.86750229963 2.05004222413
-1.85004900711 2.1059686516
-1.83259571459 2.15539451727
-1.81514242207 2.19808187573
-1.79768912955 2.23381011316
-1.78023583703 2.26237666854
-1.76278254451 2.28359770722
-1.74532925199 2.29730874499
-1.72787595947 2.30336522072
-1.71042266695 2.30164301582
-1.69296937443 2.29203891905
-1.67551608191 2.27447103515
-1.65806278939 2.24887913611
-1.64060949687 2.21522495386
-1.62315620435 2.17349241357
-1.60570291183 2.12368780657
-1.58824961931 2.06583990251
-1.57079632679 2.0
-1.55334303427 1.9262419157
-1.53588974176 1.8446619116
-1.51843644924 1.7553785605
-1.50098315672 1.65853255002
-1.4835298642 1.55428642544
-1.46607657168 1.44282427188
-1.44862327916 1.32435133665
-1.43116998664 1.19909359255
-1.41371669412 1.06729724322
-1.3962634016 0.92922817169
-1.37881010908 0.785171333557
-1.36135681656 0.63543009624
-1.34390352404 0.480325526008
-1.32645023152 0.320195624585
-1.308996939 0.155394517271
-1.29154364648 -0.0137084053279
-1.27409035396 -0.186729389755
-1.25663706144 -0.363271264002
-1.23918376892 -0.542924421205
-1.2217304764 -0.725267840159
-1.20427718388 -0.909870139996
-1.18682389136 -1.09629066626
-1.16937059884 -1.28408060549
-1.15191730632 -1.47278412547
-1.1344640138 -1.66193953797
-1.11701072128 -1.85108048106
-1.09955742876 -2.03973711782
-1.08210413624 -2.22743734817
-1.06465084372 -2.41370803072
-1.0471975512 -2.59807621135
-1.02974425868 -2.78007035515
-1.01229096616 -2.95922157856
-0.994837673637 -3.13506487835
-0.977384381117 -3.30714035414
-0.959931088597 -3.47499442117
-0.942477796077 -3.63818101009
-0.925024503557 -3.79626275056
-0.907571211037 -3.94881213539
-0.890117918517 -4.09541266214
-0.872664625997 -4.23565994914
-0.855211333477 -4.36916282275
-0.837758040957 -4.49554437309
-0.820304748437 -4.61444297529
-0.802851455917 -4.72551327345
-0.785398163397 -4.82842712475
-0.767944870878 -4.92287450093
-0.750491578358 -5.00856434495
-0.733038285838 -5.08522538022
-0.715584993318 -5.15260687031
-0.698131700798 -5.21047932706
-0.680678408278 -5.25863516508
-0.663225115758 -5.29688930081
-0.645771823238 -5.32507969452
-0.628318530718 -5.34306783377
-0.610865238198 -5.35073915679
-0.593411945678 -5.34800341481
-0.575958653158 -5.33479497209
-0.558505360638 -5.31107304294
-0.541052068118 -5.27682186489
-0.523598775598 -5.23205080757
-0.506145483078 -5.17679441682
-0.488692190558 -5.111112394
-0.471238898038 -5.03508951027
-0.453785605519 -4.9488354562
-0.436332312999 -4.85248462685
-0.418879020479 -4.74619584292
-0.401425727959 -4.63015200866
-0.383972435439 -4.50455970726
-0.366519142919 -4.36964873483
-0.349065850399 -4.22567157405
-0.331612557879 -4.07290280895
-0.314159265359 -3.91163848209
-0.296705972839 -3.74219539604
-0.279252680319 -3.56491036072
-0.261799387799 -3.38013938866
-0.244346095279 -3.18825684025
-0.226892802759 -2.98965452107
-0.209439510239 -2.78474073385
-0.191986217719 -2.57393928725
-0.174532925199 -2.35768846432
-0.15707963268 -2.13643995301
-0.13962634016 -1.91065774182
-0.12217304764 -1.68081698324
-0.10471975512 -1.44740282803
-0.0872664625998 -1.21090923339
-0.0698131700798 -0.971837748118
-0.0523598775599 -0.730696277899
-0.0349065850399 -0.487997833994
-0.01745329252 -0.244259268572
-3.5527136788e-14 -4.97379915032e-13
0.0174532925199 0.244259268571
0.0349065850399 0.487997833993
0.0523598775598 0.730696277898
0.0698131700797 0.971837748117
0.0872664625997 1.21090923339
0.10471975512 1.44740282803
0.12217304764 1.68081698324
0.13962634016 1.91065774182
0.157079632679 2.13643995301
0.174532925199 2.35768846432
0.191986217719 2.57393928725
0.209439510239 2.78474073385
0.226892802759 2.98965452107
0.244346095279 3.18825684025
0.261799387799 3.38013938866
0.279252680319 3.56491036072
0.296705972839 3.74219539603
0.314159265359 3.91163848208
0.331612557879 4.07290280894
0.349065850399 4.22567157405
0.366519142919 4.36964873483
0.383972435439 4.50455970726
0.401425727959 4.63015200866
0.418879020479 4.74619584292
0.436332312999 4.85248462685
0.453785605518 4.9488354562
0.471238898038 5.03508951027
0.488692190558 5.111112394
0.506145483078 5.17679441682
0.523598775598 5.23205080757
0.541052068118 5.27682186489
0.558505360638 5.31107304294
0.575958653158 5.33479497209
0.593411945678 5.34800341481
0.610865238198 5.35073915679
0.628318530718 5.34306783377
0.645771823238 5.32507969452
0.663225115758 5.29688930081
0.680678408278 5.25863516508
0.698131700798 5.21047932706
0.715584993318 5.15260687031
0.733038285838 5.08522538022
0.750491578358 5.00856434495
0.767944870877 4.92287450093
0.785398163397 4.82842712475
0.802851455917 4.72551327345
0.820304748437 4.61444297529
0.837758040957 4.49554437309
0.855211333477 4.36916282275
0.872664625997 4.23565994914
0.890117918517 4.09541266214
0.907571211037 3.94881213539
0.925024503557 3.79626275056
0.942477796077 3.63818101009
0.959931088597 3.47499442117
0.977384381117 3.30714035414
0.994837673637 3.13506487835
1.01229096616 2.95922157856
1.02974425868 2.78007035515
1.0471975512 2.59807621135
1.06465084372 2.41370803072
1.08210413624 2.22743734817
1.09955742876 2.03973711782
1.11701072128 1.85108048106
1.1344640138 1.66193953797
1.15191730632 1.47278412547
1.16937059884 1.28408060549
1.18682389136 1.09629066626
1.20427718388 0.909870139997
1.2217304764 0.72526784016
1.23918376892 0.542924421206
1.25663706144 0.363271264003
1.27409035396 0.186729389756
1.29154364648 0.0137084053286
1.308996939 -0.15539451727
1.32645023152 -0.320195624584
1.34390352404 -0.480325526007
1.36135681656 -0.635430096239
1.37881010908 -0.785171333556
1.3962634016 -0.929228171689
1.41371669412 -1.06729724322
1.43116998664 -1.19909359255
1.44862327916 -1.32435133665
1.46607657168 -1.44282427188
1.4835298642 -1.55428642544
1.50098315672 -1.65853255002
1.51843644924 -1.7553785605
1.53588974175 -1.8446619116
1.55334303427 -1.9262419157
1.57079632679 -2.0
1.58824961931 -2.06583990251
1.60570291183 -2.12368780657
1.62315620435 -2.17349241357
1.64060949687 -2.21522495386
1.65806278939 -2.24887913611
1.67551608191 -2.27447103515
1.69296937443 -2.29203891905
1.71042266695 -2.30164301582
1.72787595947 -2.30336522072
1.74532925199 -2.29730874499
1.76278254451 -2.28359770722
1.78023583703 -2.26237666854
1.79768912955 -2.23381011316
1.81514242207 -2.19808187573
1.83259571459 -2.15539451727
1.85004900711 -2.1059686516
1.86750229963 -2.05004222413
1.88495559215 -1.98786974517
1.90240888467 -1.9197214801
1.91986217719 -1.84588259859
1.93731546971 -1.76665228544
1.95476876223 -1.68234281558
1.97222205475 -1.59327859586
1.98967534727 -1.49979517644
2.00712863979 -1.40223823451
2.02458193231 -1.30096253337
2.04203522483 -1.19633085968
2.05948851735 -1.08871294205
2.07694180987 -0.978484353903
2.09439510239 -0.866025403785
2.11184839491 -0.751720016287
2.12930168743 -0.635954606639
2.14675497995 -0.519116952219
2.16420827247 -0.401595064126
2.18166156499 -0.283776061976
2.19911485751 -0.166045055091
2.21656815003 -0.0487840331939
2.23402144255 0.0676292302817
2.25147473507 0.182822259208
2.26892802759 0.296428937094
2.28638132011 0.408090547784
2.30383461263 0.517456791618
2.32128790515 0.624186774249
2.33874119767 0.727949965377
2.35619449019 0.828427124746
2.37364778271 0.925311192853
2.39110107523 1.01830814391
2.40855436775 1.10713779875
2.42600766027 1.19153459534
2.44346095279 1.27124831502
2.46091424531 1.34604476215
2.47836753783 1.4157063957
2.49582083035 1.48003291077
2.51327412287 1.53884176859
2.53072741539 1.59196867365
2.54818070791 1.63926799654
2.56563400043 1.68061314152
2.58308729295 1.71589685774
2.60054058547 1.74503149346
2.61799387799 1.76794919243
2.63544717051 1.7846020322
2.65290046303 1.79496210378
2.67035375555 1.79902153278
2.68780704807 1.79679244178
2.70526034059 1.78830685437
2.72271363311 1.77361654101
2.74016692563 1.7527928073
2.75762021815 1.72592622543
2.77507351067 1.69312630939
2.79252680319 1.65452113531
2.80998009571 1.61025690764
2.82743338823 1.56049747292
2.84488668075 1.50542378215
2.86233997327 1.44523330378
2.87979326579 1.38013938866
2.89724655831 1.3103705891
2.91469985083 1.23616993392
2.93215314335 1.15779416154
2.94960643587 1.07551291359
2.96705972839 0.989607891016
2.98451302091 0.900371975509
3.00196631343 0.808108318554
3.01941960595 0.713129400842
3.03687289847 0.615756064757
3.05432619099 0.516316522722
3.07177948351 0.415145344278
3.08923277603 0.312582424829
3.10668606855 0.208971939018
3.12413936107 0.104661281762
