-3.14159265359 -1.0
-3.12413936107 -0.999086402892
-3.10668606855 -0.996348672128
-3.08923277603 -0.991795979981
-3.07177948351 -0.985443582252
-3.05432619099 -0.977312771369
-3.03687289847 -0.96743081093
-3.01941960595 -0.955830851863
-3.00196631343 -0.942551830446
-2.98451302091 -0.927638348488
-2.96705972839 -0.911140536011
-2.94960643587 -0.893113896826
-2.93215314335 -0.873619137466
-2.91469985083 -0.852721979943
-2.89724655831 -0.830492958894
-2.87979326579 -0.807007203691
-2.86233997327 -0.782344206141
-2.84488668075 -0.756587574458
-2.82743338823 -0.729824774213
-2.80998009571 -0.702146857008
-2.79252680319 -0.673648177667
-2.77507351067 -0.644426100759
-2.75762021815 -0.614580697304
-2.74016692563 -0.584214432539
-2.72271363311 -0.553431845659
-2.70526034059 -0.522339222453
-2.68780704807 -0.491044261791
-2.67035375555 -0.459655736936
-2.65290046303 -0.428283152656
-2.63544717051 -0.397036399149
-2.61799387799 -0.366025403784
-2.60054058547 -0.335359781673
-2.58308729295 -0.3051484861
-2.56563400043 -0.275499459829
-2.54818070791 -0.246519288321
-2.53072741539 -0.218312855861
-2.51327412287 -0.190983005625
-2.49582083035 -0.164630204685
-2.47836753783 -0.139352214931
-2.46091424531 -0.1152437709
-2.44346095279 -0.092396265452
-2.42600766027 -0.0708974442477
-2.40855436775 -0.0508311099173
-2.39110107523 -0.0322768368252
-2.37364778271 -0.0153096972773
-2.35619449019 0.0
-2.33874119767 0.0135869583159
-2.32128790515 0.0253911276503
-2.30383461263 0.0353579247484
-2.28638132011 0.0434384379949
-2.26892802759 0.049589616431
-2.25147473507 0.0537744423208
-2.23402144255 0.0559620867173
-2.21656815003 0.0561280475282
-2.19911485751 0.0542542696277
-2.18166156499 0.0503292466124
-2.16420827247 0.0443481038471
-2.14675497995 0.0363126625043
-2.12930168743 0.026231484346
-2.11184839491 0.0141198970586
-2.09439510239 2.22044604925e-16
-2.07694180987 -0.016099349725
-2.05948851735 -0.0341425708884
-2.04203522483 -0.0540874114369
-2.02458193231 -0.0758850213809
-2.00712863979 -0.0994800451382
-1.98967534727 -0.12481073314
-1.97222205475 -0.151809072451
-1.95476876223 -0.180400936112
-1.93731546971 -0.210506250834
-1.91986217719 -0.24203918266
-1.90240888467 -0.274908340118
-1.88495559215 -0.309016994375
-1.86750229963 -0.344263315821
-1.85004900711 -0.380540626496
-1.83259571459 -0.4177376677
-1.81514242207 -0.4557388821
-1.79768912955 -0.494424709593
-1.78023583703 -0.533671896168
-1.76278254451 -0.573353814928
-1.74532925199 -0.613340798453
-1.72787595947 -0.653500481596
-1.71042266695 -0.693698153823
-1.69296937443 -0.733797120136
-1.67551608191 -0.773659069627
-1.65806278939 -0.813144450657
-1.64060949687 -0.852112851668
-1.62315620435 -0.890423386571
-1.60570291183 -0.927935083695
-1.58824961931 -0.964507277213
-1.57079632679 -1.0
-1.55334303427 -1.03427437682
-1.53588974176 -1.06719301682
-1.51843644924 -1.09862040417
-1.50098315672 -1.12842328582
-1.4835298642 -1.15647105537
-1.46607657168 -1.18263613184
-1.44862327916 -1.20679433242
-1.43116998664 -1.22882523805
-1.41371669412 -1.24861255099
-1.3962634016 -1.26604444312
-1.37881010908 -1.28101389421
-1.36135681656 -1.29341901912
-1.34390352404 -1.30316338301
-1.32645023152 -1.31015630362
-1.308996939 -1.31431313987
-1.29154364648 -1.31555556582
-1.27409035396 -1.31381182929
-1.25663706144 -1.30901699437
-1.23918376892 -1.30111316709
-1.2217304764 -1.29004970358
-1.20427718388 -1.27578340012
-1.18682389136 -1.25827866457
-1.16937059884 -1.23750766847
-1.15191730632 -1.21345047958
-1.1344640138 -1.18609517423
-1.11701072128 -1.15543792927
-1.09955742876 -1.12148309315
-1.08210413624 -1.08424323605
-1.06465084372 -1.04373917874
-1.0471975512 -1.0
-1.02974425868 -0.95306302263
-1.01229096616 -0.902973777924
-0.994837673637 -0.849785948656
-0.977384381117 -0.793561290679
-0.959931088597 -0.734369533264
-0.942477796077 -0.672288258378
-0.925024503557 -0.607402759162
-0.907571211037 -0.539805877917
-0.890117918517 -0.469597823956
-0.872664625997 -0.396885971765
-0.855211333477 -0.321784639915
-0.837758040957 -0.244414851284
-0.820304748437 -0.164904075139
-0.802851455917 -0.0833859517209
-0.785398163397 2.22044604925e-16
-0.767944870878 0.0851086906823
-0.750491578358 0.171789784313
-0.733038285838 0.259888036453
-0.715584993318 0.349243646168
-0.698131700798 0.439692620786
-0.680678408278 0.531067152535
-0.663225115758 0.623196006131
-0.645771823238 0.715904916319
-0.628318530718 0.809016994375
-0.610865238198 0.902353142512
-0.593411945678 0.995732475153
-0.575958653158 1.08897274598
-0.558505360638 1.18189077968
-0.541052068118 1.27430290725
-0.523598775598 1.36602540378
-0.506145483078 1.45687492762
-0.488692190558 1.5466689596
-0.471238898038 1.63522624152
-0.453785605519 1.72236721244
-0.436332312999 1.80791444183
-0.418879020479 1.89169305838
-0.401425727959 1.97353117346
-0.383972435439 2.05326029798
-0.366519142919 2.13071575171
-0.349065850399 2.2057370639
-0.331612557879 2.27816836422
-0.314159265359 2.34785876296
-0.296705972839 2.41466271957
-0.279252680319 2.47844039845
-0.261799387799 2.53905801126
-0.244346095279 2.59638814461
-0.226892802759 2.65031007254
-0.209439510239 2.70071005275
-0.191986217719 2.74748160596
-0.174532925199 2.79052577758
-0.157079632679 2.82975138108
-0.13962634016 2.86507522232
-0.12217304764 2.89642230441
-0.10471975512 2.9237260124
-0.0872664625997 2.94692827739
-0.0698131700798 2.96597971974
-0.0523598775598 2.98083977072
-0.0349065850399 2.99147677265
-0.0174532925199 2.99786805693
0.0 3.0
0.0174532925199 2.99786805693
0.0349065850399 2.99147677265
0.0523598775598 2.98083977072
0.0698131700798 2.96597971974
0.0872664625997 2.94692827739
0.10471975512 2.9237260124
0.12217304764 2.89642230441
0.13962634016 2.86507522232
0.157079632679 2.82975138108
0.174532925199 2.79052577758
0.191986217719 2.74748160596
0.209439510239 2.70071005275
0.226892802759 2.65031007254
0.244346095279 2.59638814461
0.261799387799 2.53905801126
0.279252680319 2.47844039845
0.296705972839 2.41466271957
0.314159265359 2.34785876296
0.331612557879 2.27816836422
0.349065850399 2.2057370639
0.366519142919 2.13071575171
0.383972435439 2.05326029798
0.401425727959 1.97353117346
0.418879020479 1.89169305838
0.436332312999 1.80791444183
0.453785605519 1.72236721244
0.471238898038 1.63522624152
0.488692190558 1.5466689596
0.506145483078 1.45687492762
0.523598775598 1.36602540378
0.541052068118 1.27430290725
0.558505360638 1.18189077968
0.575958653158 1.08897274598
0.593411945678 0.995732475153
0.610865238198 0.902353142512
0.628318530718 0.809016994375
0.645771823238 0.715904916319
0.663225115758 0.623196006131
0.680678408278 0.531067152535
0.698131700798 0.439692620786
0.715584993318 0.349243646168
0.733038285838 0.259888036453
0.750491578358 0.171789784313
0.767944870878 0.0851086906823
0.785398163397 2.22044604925e-16
0.802851455917 -0.0833859517209
0.820304748437 -0.164904075139
0.837758040957 -0.244414851284
0.855211333477 -0.321784639915
0.872664625997 -0.396885971765
0.890117918517 -0.469597823956
0.907571211037 -0.539805877917
0.925024503557 -0.607402759162
0.942477796077 -0.672288258378
0.959931088597 -0.734369533264
0.977384381117 -0.793561290679
0.994837673637 -0.849785948656
1.01229096616 -0.902973777924
1.02974425868 -0.95306302263
1.0471975512 -1.0
1.06465084372 -1.04373917874
1.08210413624 -1.08424323605
1.09955742876 -1.12148309315
1.11701072128 -1.15543792927
1.1344640138 -1.18609517423
1.15191730632 -1.21345047958
1.16937059884 -1.23750766847
1.18682389136 -1.25827866457
1.20427718388 -1.27578340012
1.2217304764 -1.29004970358
1.23918376892 -1.30111316709
1.25663706144 -1.30901699437
1.27409035396 -1.31381182929
1.29154364648 -1.31555556582
1.308996939 -1.31431313987
1.32645023152 -1.31015630362
1.34390352404 -1.30316338301
1.36135681656 -1.29341901912
1.37881010908 -1.28101389421
1.3962634016 -1.26604444312
1.41371669412 -1.24861255099
1.43116998664 -1.22882523805
1.44862327916 -1.20679433242
1.46607657168 -1.18263613184
1.4835298642 -1.15647105537
1.50098315672 -1.12842328582
1.51843644924 -1.09862040417
1.53588974176 -1.06719301682
1.55334303427 -1.03427437682
1.57079632679 -1.0
1.58824961931 -0.964507277213
1.60570291183 -0.927935083695
1.62315620435 -0.890423386571
1.64060949687 -0.852112851668
1.65806278939 -0.813144450657
1.67551608191 -0.773659069627
1.69296937443 -0.733797120136
1.71042266695 -0.693698153823
1.72787595947 -0.653500481596
1.74532925199 -0.613340798453
1.76278254451 -0.573353814928
1.78023583703 -0.533671896168
1.79768912955 -0.494424709593
1.81514242207 -0.4557388821
1.83259571459 -0.4177376677
1.85004900711 -0.380540626496
1.86750229963 -0.344263315821
1.88495559215 -0.309016994375
1.90240888467 -0.274908340118
1.91986217719 -0.24203918266
1.93731546971 -0.210506250834
1.95476876223 -0.180400936112
1.97222205475 -0.151809072451
1.98967534727 -0.12481073314
2.00712863979 -0.0994800451382
2.02458193231 -0.0758850213809
2.04203522483 -0.0540874114369
2.05948851735 -0.0341425708884
2.07694180987 -0.016099349725
2.09439510239 2.22044604925e-16
2.11184839491 0.0141198970586
2.12930168743 0.026231484346
2.14675497995 0.0363126625043
2.16420827247 0.0443481038471
2.18166156499 0.0503292466124
2.19911485751 0.0542542696277
2.21656815003 0.0561280475282
2.23402144255 0.0559620867173
2.25147473507 0.0537744423208
2.26892802759 0.049589616431
2.28638132011 0.0434384379949
2.30383461263 0.0353579247484
2.32128790515 0.0253911276503
2.33874119767 0.0135869583159
2.35619449019 0.0
2.37364778271 -0.0153096972773
2.39110107523 -0.0322768368252
2.40855436775 -0.0508311099173
2.42600766027 -0.0708974442477
2.44346095279 -0.092396265452
2.46091424531 -0.1152437709
2.47836753783 -0.139352214931
2.49582083035 -0.164630204685
2.51327412287 -0.190983005625
2.53072741539 -0.218312855861
2.54818070791 -0.246519288321
2.56563400043 -0.275499459829
2.58308729295 -0.3051484861
2.60054058547 -0.335359781673
2.61799387799 -0.366025403784
2.63544717051 -0.397036399149
2.65290046303 -0.428283152656
2.67035375555 -0.459655736936
2.68780704807 -0.491044261791
2.70526034059 -0.522339222453
2.72271363311 -0.553431845659
2.74016692563 -0.584214432539
2.75762021815 -0.614580697304
2.77507351067 -0.644426100759
2.79252680319 -0.673648177667
2.80998009571 -0.702146857008
2.82743338823 -0.729824774213
2.84488668075 -0.756587574458
2.86233997327 -0.782344206141
2.87979326579 -0.807007203691
2.89724655831 -0.830492958894
2.91469985083 -0.852721979943
2.93215314335 -0.873619137466
2.94960643587 -0.893113896826
2.96705972839 -0.911140536011
2.98451302091 -0.927638348488
3.00196631343 -0.942551830446
3.01941960595 -0.955830851863
3.03687289847 -0.96743081093
3.05432619099 -0.977312771369
3.07177948351 -0.985443582252
3.08923277603 -0.991795979981
3.10668606855 -0.996348672128
3.12413936107 -0.999086402892
3.14159265359 -1.0
