-2.0 -2.0 0.01980859853 0.0139645040893
-2.0 -1.9 0.0271739558895 0.0178233217913
-2.0 -1.8 0.0365948071408 0.022248170244
-2.0 -1.7 0.0483922347492 0.0271596310147
-2.0 -1.6 0.0628548479851 0.0324199315578
-2.0 -1.5 0.0802076667245 0.0378286001173
-2.0 -1.4 0.100576836265 0.0431219902547
-2.0 -1.3 0.123951979501 0.0479771749363
-2.0 -1.2 0.150148724858 0.0520206839736
-2.0 -1.1 0.178774780148 0.0548427409336
-2.0 -1.0 0.209203821196 0.056017943761
-2.0 -0.9 0.24056229843 0.0551334703875
-2.0 -0.8 0.271734775067 0.0518255233168
-2.0 -0.7 0.301393225112 0.0458235384282
-2.0 -0.6 0.328054434771 0.0369995658715
-2.0 -0.5 0.350166972538 0.0254174384024
-2.0 -0.4 0.366225103569 0.0113735396074
-2.0 -0.3 0.374901918318 -0.00458085865564
-2.0 -0.2 0.375188670385 -0.0216455949701
-2.0 -0.1 0.366523064563 -0.0388130818328
-2.0 0.0 0.348887278936 -0.0549469166662
-2.0 0.1 0.322857848833 -0.0688920325157
-2.0 0.2 0.289594564555 -0.0796032223204
-2.0 0.3 0.250763762248 -0.0862730054069
-2.0 0.4 0.208401477882 -0.0884374175932
-2.0 0.5 0.164731931721 -0.0860404325157
-2.0 0.6 0.12196459876 -0.0794442582882
-2.0 0.7 0.0820969624972 -0.0693824021708
-2.0 0.8 0.0467490511359 -0.0568629783993
-2.0 0.9 0.0170502112034 -0.0430387874523
-2.0 1.0 -0.00641048277493 -0.0290661557647
-2.0 1.1 -0.0235693066316 -0.0159752863029
-2.0 1.2 -0.0348174100744 -0.00457103809807
-2.0 1.3 -0.0408910471737 0.00462416187628
-2.0 1.4 -0.0427424336054 0.0113822620311
-2.0 1.5 -0.0414109438579 0.015741502163
-2.0 1.6 -0.0379109062488 0.0179493530564
-2.0 1.7 -0.0331467355699 0.0183903847077
-2.0 1.8 -0.0278599583756 0.0175127075435
-2.0 1.9 -0.0226070926755 0.0157639227399
-2.0 2.0 -0.0177632157951 0.0135434313987
-1.9 -2.0 0.0278453301671 0.0216717409011
-1.9 -1.9 0.0382043453556 0.0277929923422
-1.9 -1.8 0.0514569366291 0.0348739335305
-1.9 -1.7 0.0680562120173 0.0428132274169
-1.9 -1.6 0.0884099714769 0.0514169685963
-1.9 -1.5 0.112836885269 0.060388485826
-1.9 -1.4 0.1415167469 0.0693237656717
-1.9 -1.3 0.174437338822 0.0777138260411
-1.9 -1.2 0.211341489244 0.0849554584568
-1.9 -1.1 0.251679080003 0.0903720549836
-1.9 -1.0 0.294570040221 0.0932465471809
-1.9 -0.9 0.338785541118 0.0928684112259
-1.9 -0.8 0.382755326612 0.0885957273782
-1.9 -0.7 0.424608847922 0.0799310078232
-1.9 -0.6 0.462256051188 0.0666058554086
-1.9 -0.5 0.493509882987 0.0486649720983
-1.9 -0.4 0.516246807946 0.0265356910912
-1.9 -0.3 0.528594435112 0.00106657293193
-1.9 -0.2 0.5291279195 -0.0264808016449
-1.9 -0.1 0.517050818415 -0.0544979257808
-1.9 0.0 0.492333333266 -0.0811555405991
-1.9 0.1 0.45578276767 -0.104580459515
-1.9 0.2 0.40902811164 -0.123061756896
-1.9 0.3 0.354412246423 -0.135255985202
-1.9 0.4 0.294799467184 -0.140357558778
-1.9 0.5 0.233320088878 -0.138203970071
-1.9 0.6 0.173084858065 -0.12929585091
-1.9 0.7 0.116907298273 -0.114726997097
-1.9 0.8 0.0670707131248 -0.0960359517851
-1.9 0.9 0.0251686340849 -0.0750047968224
-1.9 1.0 -0.00796523633724 -0.0534392739495
-1.9 1.1 -0.0322363334295 -0.0329655709869
-1.9 1.2 -0.048190368129 -0.014873242822
-1.9 1.3 -0.0568591463617 -2.26618363373e-05
-1.9 1.4 -0.0595790716422 0.0111779681394
-1.9 1.5 -0.0578100491389 0.0187335263683
-1.9 1.6 -0.0529776580235 0.0229774973804
-1.9 1.7 -0.0463537064413 0.0244632709661
-1.9 1.8 -0.0389815915757 0.0238521193096
-1.9 1.9 -0.0316450246426 0.0218147227498
-1.9 2.0 -0.0248728755749 0.0189569514941
-1.8 -2.0 0.0378281529811 0.0323005485577
-1.8 -1.9 0.0518628988615 0.0415356426037
-1.8 -1.8 0.0697994293462 0.0522695070922
-1.8 -1.7 0.092240889218 0.0643695523579
-1.8 -1.6 0.119726468939 0.0775635305327
-1.8 -1.5 0.152672444629 0.0914214288493
-1.8 -1.4 0.191305627609 0.105345417492
-1.8 -1.3 0.235592678777 0.11857029789
-1.8 -1.2 0.285170077988 0.130177141624
-1.8 -1.1 0.339281056197 0.139123264748
-1.8 -1.0 0.396727448992 0.144292032309
-1.8 -0.9 0.455845979018 0.144565638046
-1.8 -0.8 0.514519439567 0.138922231162
-1.8 -0.7 0.570232930764 0.126555011188
-1.8 -0.6 0.62018292262 0.107005161848
-1.8 -0.5 0.661441913905 0.0802935459907
-1.8 -0.4 0.691173770186 0.0470296120281
-1.8 -0.3 0.706885190602 0.00847222796951
-1.8 -0.2 0.706688765444 -0.033481622907
-1.8 -0.1 0.689545002396 -0.0763968216908
-1.8 0.0 0.655446948377 -0.117491685297
-1.8 0.1 0.605513539183 -0.153906463146
-1.8 0.2 0.541967308445 -0.183016315459
-1.8 0.3 0.467987690139 -0.202742885035
-1.8 0.4 0.387450314931 -0.211813469784
-1.8 0.5 0.304581709502 -0.209922252718
-1.8 0.6 0.223573626553 -0.197763638329
-1.8 0.7 0.148208545531 -0.176930369311
-1.8 0.8 0.0815459784775 -0.149693701577
-1.8 0.9 0.025708456018 -0.118703865131
-1.8 1.0 -0.0182111960897 -0.0866616649363
-1.8 1.1 -0.0501197380101 -0.0560139107601
-1.8 1.2 -0.0707877411416 -0.0287166921777
-1.8 1.3 -0.0816392528704 -0.00609411021718
-1.8 1.4 -0.084504940423 0.011199729087
-1.8 1.5 -0.0813763200513 0.0231262469863
-1.8 1.6 -0.0741920455683 0.0301399130012
-1.8 1.7 -0.0646766679315 0.0330289631046
-1.8 1.8 -0.0542404538151 0.0327502323871
-1.8 1.9 -0.0439381702785 0.0302831636894
-1.8 2.0 -0.0344768724379 0.0265190157712
-1.7 -2.0 0.0497425381759 0.0464457799025
-1.7 -1.9 0.0680963839125 0.0597965576414
-1.7 -1.8 0.0915033329936 0.0753461807376
-1.7 -1.7 0.120723491894 0.0929157870738
-1.7 -1.6 0.15642647749 0.112124616115
-1.7 -1.5 0.199115408812 0.132362114069
-1.7 -1.4 0.249042139595 0.152771414143
-1.7 -1.3 0.30611829405 0.172248006426
-1.7 -1.2 0.369828215773 0.189457833499
-1.7 -1.1 0.439151702041 0.202879709187
-1.7 -1.0 0.512506351481 0.210877388104
-1.7 -0.9 0.587721243136 0.211805956801
-1.7 -0.8 0.662054900973 0.204154454683
-1.7 -0.7 0.732270185112 0.186721008408
-1.7 -0.6 0.794775875999 0.158808298501
-1.7 -0.5 0.845838496192 0.120417072043
-1.7 -0.4 0.881858217767 0.0724061123231
-1.7 -0.3 0.899690418679 0.0165818285435
-1.7 -0.2 0.896981601756 -0.044317405779
-1.7 -0.1 0.872477889753 -0.106765955733
-1.7 0.0 0.826259333565 -0.166728637834
-1.7 0.1 0.759856362942 -0.220049962114
-1.7 0.2 0.676216887248 -0.262907792893
-1.7 0.3 0.579512711128 -0.292265013629
-1.7 0.4 0.47479879084 -0.306245537397
-1.7 0.5 0.367563579375 -0.304368963126
-1.7 0.6 0.263228015676 -0.287600707234
-1.7 0.7 0.166660248079 -0.258207044369
-1.7 0.8 0.0817706789404 -0.219439898799
-1.7 0.9 0.0112378317218 -0.175106354108
-1.7 1.0 -0.0436070607505 -0.129096003953
-1.7 1.1 -0.0827351045012 -0.0849419219577
-1.7 1.2 -0.107237296812 -0.0454786022231
-1.7 1.3 -0.11904560444 -0.0126366985102
-1.7 1.4 -0.120607585577 0.0126140213126
-1.7 1.5 -0.114563875337 0.0301887754756
-1.7 1.6 -0.103469022907 0.0407138454758
-1.7 1.7 -0.089582198308 0.0452992855001
-1.7 1.8 -0.0747386969915 0.0453025725472
-1.7 1.9 -0.0602991272948 0.0421191797479
-1.7 2.0 -0.0471628594869 0.0370231550591
-1.6 -2.0 0.0633875608248 0.0646419789287
-1.6 -1.9 0.0865889649924 0.0832275540699
-1.6 -1.8 0.116086258215 0.104876070708
-1.6 -1.7 0.152787077787 0.129339307528
-1.6 -1.6 0.197471939583 0.156087981036
-1.6 -1.5 0.25070019138 0.184272809709
-1.6 -1.4 0.312707061665 0.212701397171
-1.6 -1.3 0.383297652785 0.239836261384
-1.6 -1.2 0.461745315266 0.263819927804
-1.6 -1.1 0.546703655002 0.28253392535
-1.6 -1.0 0.63614351982 0.293699118353
-1.6 -0.9 0.727328449545 0.29502388422
-1.6 -0.8 0.816843588451 0.284402788622
-1.6 -0.7 0.900692861997 0.260160568072
-1.6 -0.6 0.97447601949 0.221324436553
-1.6 -0.5 1.03364988159 0.167893662285
-1.6 -0.4 1.07386653175 0.101062413251
-1.6 -0.3 1.09136624444 0.0233445738194
-1.6 -0.2 1.08338709221 -0.0614480167283
-1.6 -0.1 1.04854003373 -0.14840701471
-1.6 0.0 0.987091861962 -0.23191422133
-1.6 0.1 0.901101959025 -0.30618351089
-1.6 0.2 0.794373744661 -0.365892442886
-1.6 0.3 0.672206727591 -0.406811097826
-1.6 0.4 0.54096611834 -0.426325600707
-1.6 0.5 0.407517960705 -0.423764879952
-1.6 0.6 0.278602012466 -0.40047057229
-1.6 0.7 0.160226607357 -0.359595365723
-1.6 0.8 0.0571665453474 -0.305664354217
-1.6 0.9 -0.0273727757399 -0.243975906548
-1.6 1.0 -0.0918903928635 -0.179943819497
-1.6 1.1 -0.13652261753 -0.118486222173
-1.6 1.2 -0.162803318329 -0.0635494059395
-1.6 1.3 -0.173304165731 -0.0178220191306
-1.6 1.4 -0.171218572603 0.0173444724602
-1.6 1.5 -0.159951937383 0.0418302969019
-1.6 1.6 -0.14276933833 0.0565054478405
-1.6 1.7 -0.122533874972 0.0629134532956
-1.6 1.8 -0.101548909145 0.0629424998498
-1.6 1.9 -0.0814995657626 0.0585339884275
-1.6 2.0 -0.0634757988223 0.0514606493197
-1.5 -2.0 0.0783488324367 0.0872943638586
-1.5 -1.9 0.106729749401 0.112295719218
-1.5 -1.8 0.142665311997 0.141373874669
-1.5 -1.7 0.187180717483 0.174177583549
-1.5 -1.6 0.241125315535 0.209977514526
-1.5 -1.5 0.305060821238 0.247616200138
-1.5 -1.4 0.379142100708 0.285479629064
-1.5 -1.3 0.462997813979 0.321497271063
-1.5 -1.2 0.55561955384 0.353178026004
-1.5 -1.1 0.655269679392 0.377690821579
-1.5 -1.0 0.75942000233 0.391999486337
-1.5 -0.9 0.864735696634 0.393060486783
-1.5 -0.8 0.967120579001 0.378087197444
-1.5 -0.7 1.06183998355 0.344874096977
-1.5 -0.6 1.14373423333 0.292158625134
-1.5 -0.5 1.20752778926 0.219979587812
-1.5 -0.4 1.24822601938 0.129973509081
-1.5 -0.3 1.26157417961 0.0255403100004
-1.5 -0.2 1.24453443625 -0.0881868856408
-1.5 -0.1 1.19572089966 -0.204612517517
-1.5 0.0 1.11572457144 -0.316197673686
-1.5 0.1 1.00726392419 -0.415187621733
-1.5 0.2 0.875114383403 -0.494459829282
-1.5 0.3 0.725799855775 -0.54836819926
-1.5 0.4 0.567066825341 -0.573445507561
-1.5 0.5 0.407199052674 -0.568840831964
-1.5 0.6 0.25426039197 -0.536410965697
-1.5 0.7 0.115367838794 -0.480445997314
-1.5 0.8 -0.00390700774659 -0.407075749943
-1.5 0.9 -0.0999317448224 -0.323460391999
-1.5 1.0 -0.171160985632 -0.23690265501
-1.5 1.1 -0.21803768805 -0.154024063152
-1.5 1.2 -0.242685407447 -0.0801241668728
-1.5 1.3 -0.248456777837 -0.01879747748
-1.5 1.4 -0.23941698973 0.0281706869942
-1.5 1.5 -0.219839265194 0.0606584537978
-1.5 1.6 -0.193774843688 0.0798777055034
-1.5 1.7 -0.164737565115 0.0879446588188
-1.5 1.8 -0.135518362594 0.0874341790476
-1.5 1.9 -0.108122867064 0.0809855280405
-1.5 2.0 -0.0838093150064 0.0710028753121
-1.4 -2.0 0.0939952744311 0.114608977481
-1.4 -1.9 0.127615733233 0.147193600648
-1.4 -1.8 0.169971528356 0.184983865445
-1.4 -1.7 0.222153071822 0.227479030204
-1.4 -1.6 0.285012789988 0.273685592007
-1.4 -1.5 0.359037445631 0.322057814448
-1.4 -1.4 0.444216714725 0.37046736556
-1.4 -1.3 0.539916837057 0.416209980344
-1.4 -1.2 0.644768905772 0.456057748385
-1.4 -1.1 0.756582246588 0.486367220772
-1.4 -1.0 0.872294778605 0.503254959798
-1.4 -0.9 0.987974283408 0.502851308895
-1.4 -0.8 1.09888650251 0.481637416232
-1.4 -0.7 1.19964653603 0.43685782991
-1.4 -0.6 1.2844672114 0.366981085251
-1.4 -0.5 1.34751011005 0.272156338902
-1.4 -0.4 1.38333090974 0.154591134992
-1.4 -0.3 1.38739150415 0.0187618248489
-1.4 -0.2 1.35659005234 -0.128628066599
-1.4 -0.1 1.28974163247 -0.279000175681
-1.4 0.0 1.18793231001 -0.422575262763
-1.4 0.1 1.05467315563 -0.549317767494
-1.4 0.2 0.895800479977 -0.650037019031
-1.4 0.3 0.719102872649 -0.717483387562
-1.4 0.4 0.533699030483 -0.747259303931
-1.4 0.5 0.349234208562 -0.738384095093
-1.4 0.6 0.174997739357 -0.693406627194
-1.4 0.7 0.0190812378467 -0.618039844124
-1.4 0.8 -0.112307592146 -0.520378514628
-1.4 0.9 -0.215286596453 -0.409835829056
-1.4 1.0 -0.288448966064 -0.295979291107
-1.4 1.1 -0.332722260001 -0.187452816652
-1.4 1.2 -0.35098267538 -0.0911410653309
-1.4 1.3 -0.347503471062 -0.0116736555797
-1.4 1.4 -0.327332031942 0.0487035384471
-1.4 1.5 -0.295687398078 0.0899289069343
-1.4 1.6 -0.257452235522 0.113684891587
-1.4 1.7 -0.216805976821 0.12282833972
-1.4 1.8 -0.177015960459 0.120801507023
-1.4 1.9 -0.140376879783 0.111112771109
-1.4 2.0 -0.108269824176 0.0969438042257
-1.3 -2.0 0.109504557516 0.146532391966
-1.3 -1.9 0.148096098784 0.187765293881
-1.3 -1.8 0.196422863041 0.235391781986
-1.3 -1.7 0.255567398051 0.288700967985
-1.3 -1.6 0.326298629939 0.346358422085
-1.3 -1.5 0.408931776987 0.406341274783
-1.3 -1.4 0.50319085227 0.465911776262
-1.3 -1.3 0.608084136814 0.521637649243
-1.3 -1.2 0.721802691542 0.569468027014
-1.3 -1.1 0.841651680949 0.604875760402
-1.3 -1.0 0.964024736676 0.623079142493
-1.3 -0.9 1.08443312532 0.619355940117
-1.3 -0.8 1.19760362135 0.589456554167
-1.3 -0.7 1.29766025099 0.530108257938
-1.3 -0.6 1.37840323319 0.439578201791
-1.3 -0.5 1.43369119575 0.318232396783
-1.3 -0.4 1.45791872978 0.168998506354
-1.3 -0.3 1.44656116346 -0.00237779787649
-1.3 -0.2 1.39673522395 -0.187389621338
-1.3 -0.1 1.30770347023 -0.375213690052
-1.3 0.0 1.18123863675 -0.553558571979
-1.3 0.1 1.02176721838 -0.709853369412
-1.3 0.2 0.836232833387 -0.832633959865
-1.3 0.3 0.633657838362 -0.912922610239
-1.3 0.4 0.42443028303 -0.945372738744
-1.3 0.5 0.219392820126 -0.928974183338
-1.3 0.6 0.028849491894 -0.867184057548
-1.3 0.7 -0.138374137657 -0.767450255671
-1.3 0.8 -0.275687499378 -0.640206015849
-1.3 0.9 -0.379208068143 -0.49750896816
-1.3 1.0 -0.447898802257 -0.351555385006
-1.3 1.1 -0.483373485874 -0.213308517193
-1.3 1.2 -0.489425112024 -0.0914401447339
-1.3 1.3 -0.471369987073 0.00829055522788
-1.3 1.4 -0.435317618577 0.0831872067693
-1.3 1.5 -0.387472616837 0.133346684402
-1.3 1.6 -0.333553419305 0.161083140688
-1.3 1.7 -0.278380440352 0.170189233445
-1.3 1.8 -0.225651178213 0.165176185502
-1.3 1.9 -0.177888926176 0.150606870519
-1.3 2.0 -0.136529810655 0.130594231523
-1.2 -2.0 0.123916722065 0.182711339424
-1.2 -1.9 0.166855715846 0.233462406327
-1.2 -1.8 0.220250756389 0.291780076321
-1.2 -1.7 0.2850884639 0.356668568811
-1.2 -1.6 0.361954388345 0.426364629312
-1.2 -1.5 0.450885478955 0.49827384835
-1.2 -1.4 0.551234309519 0.568956850799
-1.2 -1.3 0.661556943859 0.634172990016
-1.2 -1.2 0.779534469916 0.688989097464
-1.2 -1.1 0.901936211978 0.727963251914
-1.2 -1.0 1.02463159188 0.745417033873
-1.2 -0.9 1.14265828929 0.735810958527
-1.2 -0.8 1.25035653298 0.694232191979
-1.2 -0.7 1.34158157487 0.616987253222
-1.2 -0.6 1.41000612849 0.502263977839
-1.2 -0.5 1.44951895346 0.350790067063
-1.2 -0.4 1.45471286732 0.166378882549
-1.2 -0.3 1.42143539596 -0.0437705197913
-1.2 -0.2 1.34735105551 -0.269149697237
-1.2 -0.1 1.23244167646 -0.496486780374
-1.2 0.0 1.07935757456 -0.710783276046
-1.2 0.1 0.893534524218 -0.896766902788
-1.2 0.2 0.683013225734 -1.04058650665
-1.2 0.3 0.457938290667 -1.13149846813
-1.2 0.4 0.229766313339 -1.1632631298
-1.2 0.5 0.010266666315 -1.13499804403
-1.2 0.6 -0.189558153057 -1.05132076496
-1.2 0.7 -0.360484259826 -0.921740410758
-1.2 0.8 -0.49586800105 -0.759395790662
-1.2 0.9 -0.59212862762 -0.579356349587
-1.2 1.0 -0.64885675619 -0.396773628025
-1.2 1.1 -0.6685554729 -0.22518095929
-1.2 1.2 -0.65607840871 -0.0751891467306
-1.2 1.3 -0.617870623421 0.0462682935445
-1.2 1.4 -0.561136826182 0.136100199691
-1.2 1.5 -0.493056198243 0.194699208323
-1.2 1.6 -0.420138044715 0.225203234771
-1.2 1.7 -0.347775470587 0.232558113294
-1.2 1.8 -0.280014286712 0.222559375045
-1.2 1.9 -0.219519414161 0.201016053062
-1.2 2.0 -0.167696553728 0.173126288776
-1.1 -2.0 0.13620944473 0.222480185331
-1.1 -1.9 0.182526708589 0.283339928838
-1.1 -1.8 0.239662179226 0.352838938164
-1.1 -1.7 0.308413180331 0.429609818451
-1.1 -1.6 0.389080561863 0.511364841983
-1.1 -1.5 0.481319775716 0.594842818936
-1.1 -1.4 0.584015505034 0.675819408683
-1.1 -1.3 0.695193074731 0.749186260108
-1.1 -1.2 0.811976022388 0.809103344065
-1.1 -1.1 0.930594960062 0.849231680087
-1.1 -1.0 1.04644984428 0.863058882131
-1.1 -0.9 1.15422724233 0.84433346347
-1.1 -0.8 1.2480762971 0.787619834525
-1.1 -0.7 1.32185048233 0.688968988942
-1.1 -0.6 1.36942412564 0.546667842969
-1.1 -0.5 1.38508965557 0.361986681421
-1.1 -0.4 1.36403091246 0.139799484868
-1.1 -0.3 1.30284913787 -0.111078508205
-1.1 -0.2 1.2000941028 -0.377991508594
-1.1 -0.1 1.05672914568 -0.645095628539
-1.1 0.0 0.876443551864 -0.89459183829
-1.1 0.1 0.665726312604 -1.10845347092
-1.1 0.2 0.43363647024 -1.27044249062
-1.1 0.3 0.191246460444 -1.36811505167
-1.1 0.4 -0.049210353787 -1.39447800836
-1.1 0.5 -0.275399708751 -1.34899084902
-1.1 0.6 -0.476019859944 -1.23771072069
-1.1 0.7 -0.641851254418 -1.07253131604
-1.1 0.8 -0.766572067442 -0.869634740474
-1.1 0.9 -0.847225352609 -0.647419691105
-1.1 1.0 -0.884281569593 -0.424256288069
-1.1 1.1 -0.881307485937 -0.216429881599
-1.1 1.2 -0.84431449563 -0.0365747199771
-1.1 1.3 -0.780903845078 0.107217146138
-1.1 1.4 -0.699345623869 0.211565402064
-1.1 1.5 -0.60772147822 0.277333077074
-1.1 1.6 -0.513232520151 0.308698478222
-1.1 1.7 -0.421732494379 0.311990889497
-1.1 1.8 -0.337501943305 0.294508700431
-1.1 1.9 -0.263240722003 0.263494664462
-1.1 2.0 -0.200229654428 0.225377057055
-1.0 -2.0 0.14538333481 0.264879477249
-1.0 -1.9 0.193809671182 0.336094997293
-1.0 -1.8 0.253008838839 0.416835260472
-1.0 -1.7 0.323502621289 0.505267063356
-1.0 -1.6 0.405219125587 0.598480277921
-1.0 -1.5 0.497349009016 0.692456945404
-1.0 -1.4 0.598239034976 0.782119498941
-1.0 -1.3 0.705337264824 0.861459352523
-1.0 -1.2 0.815198011554 0.92374464953
-1.0 -1.1 0.923547819722 0.961809211912
-1.0 -1.0 1.02540837403 0.968432219785
-1.0 -0.9 1.11527021148 0.936825013796
-1.0 -0.8 1.18731304285 0.861240350965
-1.0 -0.7 1.23567319579 0.737703298471
-1.0 -0.6 1.25476320637 0.564828238626
-1.0 -0.5 1.23964895505 0.344636620143
-1.0 -0.4 1.1864824974 0.0832368507479
-1.0 -0.3 1.09297257774 -0.208810615582
-1.0 -0.2 0.958851861218 -0.516623501338
-1.0 -0.1 0.786275933099 -0.821758146089
-1.0 0.0 0.580072302839 -1.10363832351
-1.0 0.1 0.347756281695 -1.34155690497
-1.0 0.2 0.099250074694 -1.51701335678
-1.0 0.3 -0.153718180923 -1.61603802566
-1.0 0.4 -0.398503633138 -1.63110621747
-1.0 0.5 -0.622632224537 -1.5622820068
-1.0 0.6 -0.814949298983 -1.41735267536
-1.0 0.7 -0.96666839414 -1.21089572604
-1.0 0.8 -1.07216648975 -0.962420341024
-1.0 0.9 -1.1294099289 -0.693896813126
-1.0 1.0 -1.13995615776 -0.427091086838
-1.0 1.1 -1.10854699338 -0.181135516816
-1.0 1.2 -1.0423740548 0.0293069646956
-1.0 1.3 -0.950143084574 0.195066740235
-1.0 1.4 -0.841083208414 0.312627672816
-1.0 1.5 -0.724038537683 0.383527321926
-1.0 1.6 -0.606748013042 0.413213847991
-1.0 1.7 -0.495374378222 0.409629459288
-1.0 1.8 -0.394295447489 0.381783318429
-1.0 1.9 -0.306129873331 0.338522842887
-1.0 2.0 -0.231941697139 0.287632176676
-0.9 -2.0 0.150543277875 0.308702849082
-0.9 -1.9 0.199583169434 0.390142830816
-0.9 -1.8 0.25893168034 0.481729355677
-0.9 -1.7 0.328769004768 0.581068636633
-0.9 -1.6 0.408590846998 0.68453536042
-0.9 -1.5 0.497076149859 0.78727722413
-0.9 -1.4 0.592006809242 0.883316203088
-0.9 -1.3 0.690254395128 0.96574150071
-0.9 -1.2 0.78784023174 1.02698474832
-0.9 -1.1 0.880065539544 1.05917164228
-0.9 -1.0 0.96170044259 1.05455452673
-0.9 -0.9 1.02721694544 1.00604178464
-0.9 -0.8 1.07105262684 0.907843311792
-0.9 -0.7 1.08789786207 0.756237571218
-0.9 -0.6 1.07300679668 0.550429562996
-0.9 -0.5 1.02253660772 0.293413425769
-0.9 -0.4 0.933916554332 -0.00730872097463
-0.9 -0.3 0.806235766659 -0.339347432199
-0.9 -0.2 0.640618048303 -0.685590647443
-0.9 -0.1 0.44052854947 -1.02506944133
-0.9 0.0 0.21193927991 -1.33457419867
-0.9 0.1 -0.0367231913527 -1.59091841377
-0.9 0.2 -0.294907754746 -1.77358390502
-0.9 0.3 -0.550568501828 -1.86735005301
-0.9 0.4 -0.791062902253 -1.86445168796
-0.9 0.5 -1.00422988271 -1.76585061967
-0.9 0.6 -1.17951231625 -1.5813443951
-0.9 0.7 -1.30896475131 -1.32844532387
-0.9 0.8 -1.3879946173 -1.03019517406
-0.9 0.9 -1.41572375553 -0.712280955716
-0.9 1.0 -1.39491912737 -0.399937979518
-0.9 1.1 -1.33151331209 -0.11514229058
-0.9 1.2 -1.23380121474 0.125492532732
-0.9 1.3 -1.11144565667 0.311862251872
-0.9 1.4 -0.974443050104 0.440506373897
-0.9 1.5 -0.832190009628 0.513856318224
-0.9 1.6 -0.692757922709 0.538855354291
-0.9 1.7 -0.562435009203 0.525269615272
-0.9 1.8 -0.445545522683 0.48399983954
-0.9 1.9 -0.344513354316 0.425638520994
-0.9 2.0 -0.260108850888 0.359421646128
-0.8 -2.0 0.150963334695 0.352563909591
-0.8 -1.9 0.198983210184 0.443716097784
-0.8 -1.8 0.256454337602 0.545318080243
-0.8 -1.7 0.323180473165 0.654328952954
-0.8 -1.6 0.398205970665 0.766329434793
-0.8 -1.5 0.479700521535 0.875575441588
-0.8 -1.4 0.564909981183 0.975167517807
-0.8 -1.3 0.650188559501 1.0573226132
-0.8 -1.2 0.731116587829 1.11372785571
-0.8 -1.1 0.802695734031 1.13595990803
-0.8 -1.0 0.859603159408 1.1159671833
-0.8 -0.9 0.896480727037 1.04662916845
-0.8 -0.8 0.90823664566 0.922416547984
-0.8 -0.7 0.890344261351 0.74016610044
-0.8 -0.6 0.839133005312 0.499948160552
-0.8 -0.5 0.752074945591 0.205943860005
-0.8 -0.4 0.628072026043 -0.132821641793
-0.8 -0.3 0.467740865782 -0.502100976775
-0.8 -0.2 0.273674499276 -0.882628124099
-0.8 -0.1 0.0506384403458 -1.25108270401
-0.8 0.0 -0.194359987502 -1.58187727213
-0.8 0.1 -0.45219605183 -1.84966039164
-0.8 0.2 -0.711999521071 -2.03224340318
-0.8 0.3 -0.961793962422 -2.11350825784
-0.8 0.4 -1.18937376802 -2.08578505143
-0.8 0.5 -1.38333496872 -1.9512308092
-0.8 0.6 -1.53413084557 -1.72189651235
-0.8 0.7 -1.63500052406 -1.41840672562
-0.8 0.8 -1.68262613488 -1.0674408039
-0.8 0.9 -1.67741213016 -0.698433032799
-0.8 1.0 -1.62334138192 -0.340047014136
-0.8 1.1 -1.527433281 -0.0169973376785
-0.8 1.2 -1.39889355807 0.252309056556
-0.8 1.3 -1.24809038452 0.457027312804
-0.8 1.4 -1.0855083456 0.59396580498
-0.8 1.5 -0.920820036275 0.666664458381
-0.8 1.6 -0.762179842428 0.683761514415
-0.8 1.7 -0.61579591908 0.657019144231
-0.8 1.8 -0.48578588141 0.599365419909
-0.8 1.9 -0.374279233538 0.523233496133
-0.8 2.0 -0.281701519019 0.439367295867
-0.7 -2.0 0.146128015222 0.394971150355
-0.7 -1.9 0.191443237346 0.494969135701
-0.7 -1.8 0.245013399994 0.605376676984
-0.7 -1.7 0.306268431472 0.722437280184
-0.7 -1.6 0.373829564038 0.840882329205
-0.7 -1.5 0.445415292718 0.954046246451
-0.7 -1.4 0.51782537625 1.05411758001
-0.7 -1.3 0.587017886124 1.13250205306
-0.7 -1.2 0.648281204815 1.18026386708
-0.7 -1.1 0.696488242792 1.18861573457
-0.7 -1.0 0.726407620975 1.14944561778
-0.7 -0.9 0.733039664995 1.0558917283
-0.7 -0.8 0.711945915159 0.902994243673
-0.7 -0.7 0.659549206456 0.688448161067
-0.7 -0.6 0.573394227806 0.413447011973
-0.7 -0.5 0.452370787862 0.0835426466077
-0.7 -0.4 0.296908315075 -0.290633324838
-0.7 -0.3 0.109146587578 -0.693008604233
-0.7 -0.2 -0.106925978792 -1.10231584301
-0.7 -0.1 -0.34539494948 -1.49314504747
-0.7 0.0 -0.598450219423 -1.83787918255
-0.7 0.1 -0.856578989486 -2.10940445896
-0.7 0.2 -1.10896707917 -2.28428171053
-0.7 0.3 -1.34412561268 -2.34589577014
-0.7 0.4 -1.55071609804 -2.2870199025
-0.7 0.5 -1.71849752776 -2.11127678757
-0.7 0.6 -1.83927758006 -1.83314844993
-0.7 0.7 -1.90772883413 -1.47645134422
-0.7 0.8 -1.92193804441 -1.07148839022
-0.7 0.9 -1.88359258628 -0.651345534715
-0.7 1.0 -1.79776612107 -0.247954995624
-0.7 1.1 -1.67233247689 0.111433296002
-0.7 1.2 -1.51709767944 0.406844594422
-0.7 1.3 -1.34278190836 0.62692154644
-0.7 1.4 -1.15999808477 0.768955245809
-0.7 1.5 -0.978360856277 0.837780879835
-0.7 1.6 -0.805824411836 0.843882990655
-0.7 1.7 -0.648299628449 0.801131843261
-0.7 1.8 -0.509551689936 0.724555810579
-0.7 1.9 -0.391338207692 0.628466013504
-0.7 2.0 -0.293721222113 0.525121642031
-0.6 -2.0 0.135750434492 0.434398732468
-0.6 -1.9 0.176697610635 0.542068780167
-0.6 -1.8 0.224432684386 0.659772810548
-0.6 -1.7 0.27805139533 0.782997822628
-0.6 -1.6 0.335825654692 0.905602700808
-0.6 -1.5 0.395133458838 1.02000500999
-0.6 -1.4 0.452475173783 1.11752397512
-0.6 -1.3 0.503590345251 1.18884366235
-0.6 -1.2 0.543674655316 1.22454738786
-0.6 -1.1 0.567680406387 1.21567873587
-0.6 -1.0 0.57066983791 1.15430617827
-0.6 -0.9 0.548182506341 1.03409919692
-0.6 -0.8 0.496578384871 0.850949292962
-0.6 -0.7 0.413327335792 0.603672301586
-0.6 -0.6 0.297230397579 0.2947966363
-0.6 -0.5 0.14857386164 -0.0686252147641
-0.6 -0.4 -0.0307723835629 -0.474332273993
-0.6 -0.3 -0.237299692908 -0.904526543328
-0.6 -0.2 -0.465845619193 -1.33616235416
-0.6 -0.1 -0.709632821924 -1.74207342593
-0.6 0.0 -0.960393323416 -2.09302897821
-0.6 0.1 -1.20861930238 -2.36061220433
-0.6 0.2 -1.44397663037 -2.52059106271
-0.6 0.3 -1.65589480464 -2.55626401241
-0.6 0.4 -1.83430991789 -2.46117238367
-0.6 0.5 -1.97049452775 -2.2406159788
-0.6 0.6 -2.05787171766 -1.9115929297
-0.6 0.7 -2.09269189321 -1.50107269271
-0.6 0.8 -2.07445745359 -1.04283520948
-0.6 0.9 -2.0060132735 -0.57339050931
-0.6 1.0 -1.89327362084 -0.127663070457
-0.6 1.1 -1.7446169684 0.264853999851
-0.6 1.2 -1.57003528815 0.582896775514
-0.6 1.3 -1.38016175197 0.814837871051
-0.6 1.4 -1.18531309447 0.958643103797
-0.6 1.5 -0.994669418284 1.02057857943
-0.6 1.6 -0.815680142646 1.01305586469
-0.6 1.7 -0.653739347916 0.952085939109
-0.6 1.8 -0.512127436881 0.854792054194
-0.6 1.9 -0.392177861551 0.737331054572
-0.6 2.0 -0.293603390533 0.613429054793
-0.5 -2.0 0.11977534571 0.469344646848
-0.5 -1.9 0.154763417696 0.583259560956
-0.5 -1.8 0.194867022215 0.706535623358
-0.5 -1.7 0.238916716139 0.833897637907
-0.5 -1.6 0.284944208494 0.958347885301
-0.5 -1.5 0.330137655965 1.07143086154
-0.5 -1.4 0.370886922566 1.16367376327
-0.5 -1.3 0.402931504782 1.22515377199
-0.5 -1.2 0.421608660372 1.24612677255
-0.5 -1.1 0.422182323831 1.21765659094
-0.5 -1.0 0.400218550734 1.13220965623
-0.5 -0.9 0.351964457714 0.984218595102
-0.5 -0.8 0.274687633016 0.770653011845
-0.5 -0.7 0.166942159041 0.491646805388
-0.5 -0.6 0.028743260974 0.151203679846
-0.5 -0.5 -0.13834964348 -0.242066386291
-0.5 -0.4 -0.331227839843 -0.674321746159
-0.5 -0.3 -0.545287244268 -1.12620571089
-0.5 -0.2 -0.774527618801 -1.57317925502
-0.5 -0.1 -1.01169678573 -1.98670693701
-0.5 0.0 -1.24849553534 -2.33640234921
-0.5 0.1 -1.47586984039 -2.59303106203
-0.5 0.2 -1.68441611698 -2.7320300074
-0.5 0.3 -1.86490942267 -2.73699889293
-0.5 0.4 -2.00893567219 -2.60251772891
-0.5 0.5 -2.10957428755 -2.33568891749
-0.5 0.6 -2.16204744313 -1.95599792656
-0.5 0.7 -2.16423643219 -1.49339518242
-0.5 0.8 -2.11697147101 -0.984851052481
-0.5 0.9 -2.02402948953 -0.469939590248
-0.5 1.0 -1.89181982415 0.0138095312087
-0.5 1.1 -1.72879005272 0.435029634549
-0.5 1.2 -1.5446313873 0.771483510596
-0.5 1.3 -1.34939445881 1.01151198393
-0.5 1.4 -1.15263568402 1.15390601753
-0.5 1.5 -0.962701072361 1.20642785028
-0.5 1.6 -0.786223016151 1.18340859606
-0.5 1.7 -0.627864594646 1.10293831573
-0.5 1.8 -0.49030457024 0.984139921442
-0.5 1.9 -0.374422594323 0.844906417912
-0.5 2.0 -0.279623203742 0.70032253369
-0.4 -2.0 0.0983794319882 0.498374296478
-0.4 -1.9 0.125922356748 0.616901337083
-0.4 -1.8 0.156751579142 0.743878173038
-0.4 -1.7 0.189517154915 0.873301407308
-0.4 -1.6 0.222137576896 0.997375401898
-0.4 -1.5 0.25178101158 1.10685674572
-0.4 -1.4 0.274934845738 1.19159238635
-0.4 -1.3 0.287574198214 1.24118930922
-0.4 -1.2 0.285425145419 1.24573381947
-0.4 -1.1 0.26430173077 1.19648294761
-0.4 -1.0 0.220481100738 1.0864804057
-0.4 -0.9 0.151072172345 0.911095755438
-0.4 -0.8 0.0543328583411 0.668529605972
-0.4 -0.7 -0.0701003069035 0.360347317867
-0.4 -0.6 -0.221090301379 -0.00791901369896
-0.4 -0.5 -0.395986831251 -0.426129825613
-0.4 -0.4 -0.590707718679 -0.878988886397
-0.4 -0.3 -0.799890708277 -1.34581448119
-0.4 -0.2 -1.01709283993 -1.8009129137
-0.4 -0.1 -1.23502405172 -2.21480574983
-0.4 0.0 -1.44581532386 -2.5564313669
-0.4 0.1 -1.64133302739 -2.79622579483
-0.4 0.2 -1.81355411653 -2.90973634721
-0.4 0.3 -1.95500802973 -2.881204649
-0.4 0.4 -2.05927153126 -2.70644459906
-0.4 0.5 -2.12147748161 -2.39438373747
-0.4 0.6 -2.13877578091 -1.96684043844
-0.4 0.7 -2.11067283911 -1.45643463075
-0.4 0.8 -2.03918065127 -0.902899593656
-0.4 0.9 -1.92872900791 -0.348384893678
-0.4 1.0 -1.78583045691 0.167464317827
-0.4 1.1 -1.61852919673 0.61184381935
-0.4 1.2 -1.43570229118 0.961883466891
-0.4 1.3 -1.24630580661 1.20611284216
-0.4 1.4 -1.05866455968 1.34424381023
-0.4 1.5 -0.87989170003 1.38551767866
-0.4 1.6 -0.715497327707 1.34607946197
-0.4 1.7 -0.569210700971 1.24593468492
-0.4 1.8 -0.443006129969 1.10601553017
-0.4 1.9 -0.337295023771 0.945761149856
-0.4 2.0 -0.251229865419 0.781445452961
-0.3 -2.0 0.0719803782253 0.520154943599
-0.3 -1.9 0.0907229803829 0.641488979563
-0.3 -1.8 0.110790398116 0.770188876225
-0.3 -1.7 0.130735675085 0.899596959865
-0.3 -1.6 0.148487654489 1.02122089406
-0.3 -1.5 0.1613584268 1.12515497835
-0.3 -1.4 0.16613239308 1.20071044576
-0.3 -1.3 0.159245002466 1.23718003981
-0.3 -1.2 0.137045423844 1.22463912007
-0.3 -1.1 0.0961219634031 1.15468995391
-0.3 -1.0 0.03365527102 1.02108949139
-0.3 -0.9 -0.0522442012767 0.820254288527
-0.3 -0.8 -0.162258756963 0.551689411855
-0.3 -0.7 -0.295682327383 0.218416352797
-0.3 -0.6 -0.45035676349 -0.172542177829
-0.3 -0.5 -0.622727855385 -0.609631281446
-0.3 -0.4 -0.808005812437 -1.0763026822
-0.3 -0.3 -1.00040313221 -1.55084620153
-0.3 -0.2 -1.19341950016 -2.00679929783
-0.3 -0.1 -1.38014851373 -2.41419671506
-0.3 0.0 -1.55359162184 -2.74179355581
-0.3 0.1 -1.70697578912 -2.9601756131
-0.3 0.2 -1.83407792656 -3.04541057352
-0.3 0.3 -1.92955771538 -2.98266639793
-0.3 0.4 -1.9892908402 -2.76910406429
-0.3 0.5 -2.01067998477 -2.41539259029
-0.3 0.6 -1.99290678789 -1.9454034906
-0.3 0.7 -1.93708037881 -1.39397896324
-0.3 0.8 -1.84624153193 -0.803053141086
-0.3 0.9 -1.72519703718 -0.216742285608
-0.3 1.0 -1.58018389877 0.32377648344
-0.3 1.1 -1.41839171685 0.784755298041
-0.3 1.2 -1.24739701871 1.14304848063
-0.3 1.3 -1.07457913821 1.38757153954
-0.3 1.4 -0.906589811536 1.51899462139
-0.3 1.5 -0.748937754478 1.54793698254
-0.3 1.6 -0.605728175174 1.49215361984
-0.3 1.7 -0.479570699502 1.37330108706
-0.3 1.8 -0.371643389228 1.21383725492
-0.3 1.9 -0.281880342346 1.03447932222
-0.3 2.0 -0.209238745559 0.852462208204
-0.2 -2.0 0.0412597377246 0.533492012741
-0.2 -1.9 0.0500131696412 0.655672487653
-0.2 -1.8 0.0580017001729 0.784020853704
-0.2 -1.7 0.0637475200193 0.911334725609
-0.2 -1.6 0.0652894461935 1.02856427866
-0.2 -1.5 0.0602170888768 1.12530330406
-0.2 -1.4 0.045775806202 1.19050117934
-0.2 -1.3 0.0190474370072 1.21330968202
-0.2 -1.2 -0.0228001908685 1.18395272279
-0.2 -1.1 -0.082215416507 1.09451135506
-0.2 -1.0 -0.160949123977 0.939553235583
-0.2 -0.9 -0.259765699041 0.716595326607
-0.2 -0.8 -0.37821998182 0.426449919494
-0.2 -0.7 -0.514534920294 0.0735403049116
-0.2 -0.6 -0.665600992912 -0.33373894452
-0.2 -0.5 -0.827100617059 -0.78260886533
-0.2 -0.4 -0.993742638856 -1.25553998446
-0.2 -0.3 -1.15957770226 -1.73014655136
-0.2 -0.2 -1.31835784126 -2.17962539243
-0.2 -0.1 -1.46390403513 -2.57400779811
-0.2 0.0 -1.590452406 -2.88236831746
-0.2 0.1 -1.69296008055 -3.07591449165
-0.2 0.2 -1.76736163214 -3.13161681814
-0.2 0.3 -1.81077327383 -3.0358042095
-0.2 0.4 -1.82164317637 -2.78702498194
-0.2 0.5 -1.79984325491 -2.39751129688
-0.2 0.6 -1.74669316316 -1.89279612039
-0.2 0.7 -1.66490447303 -1.30937529925
-0.2 0.8 -1.55843492724 -0.690701342712
-0.2 0.9 -1.43225034036 -0.0821406016219
-0.2 1.0 -1.29200410624 0.474265492252
-0.2 1.1 -1.14365838791 0.944371381315
-0.2 1.2 -0.993083073836 1.30512881707
-0.2 1.3 -0.845675001062 1.54601578852
-0.2 1.4 -0.706038759234 1.66864614843
-0.2 1.5 -0.577761620803 1.68484101239
-0.2 1.6 -0.463300755242 1.61367370217
-0.2 1.7 -0.363984114339 1.47809729613
-0.2 1.8 -0.280110764194 1.30172847242
-0.2 1.9 -0.211124899425 1.10622454645
-0.2 2.0 -0.15583195333 0.90950072534
-0.1 -2.0 0.00719424322625 0.537379541164
-0.1 -1.9 0.00499604047294 0.658298369008
-0.1 -1.8 -0.000188442650062 0.784112193361
-0.1 -1.7 -0.00983044849528 0.907210747182
-0.1 -1.6 -0.0257205353952 1.0181554222
-0.1 -1.5 -0.0499066628388 1.10622992393
-0.1 -1.4 -0.0845750050202 1.16021968269
-0.1 -1.3 -0.131871928673 1.16932435443
-0.1 -1.2 -0.193675304068 1.12407958617
-0.1 -1.1 -0.271334237213 1.01716830331
-0.1 -1.0 -0.365406333445 0.844041063259
-0.1 -0.9 -0.475428353773 0.603329706242
-0.1 -0.8 -0.59975751109 0.29710669247
-0.1 -0.7 -0.735515469807 -0.0689140135566
-0.1 -0.6 -0.878655512631 -0.485144164466
-0.1 -0.5 -1.02415697936 -0.937830043813
-0.1 -0.4 -1.16633286235 -1.40878525735
-0.1 -0.3 -1.29921985506 -1.87534793587
-0.1 -0.2 -1.4170084245 -2.31084066553
-0.1 -0.1 -1.51446576218 -2.68580317678
-0.1 0.0 -1.58730729646 -2.97014950125
-0.1 0.1 -1.63248168245 -3.13618486319
-0.1 0.2 -1.64834742054 -3.16215295128
-0.1 0.3 -1.63473356967 -3.03574763426
-0.1 0.4 -1.59288979362 -2.75689414108
-0.1 0.5 -1.52534051013 -2.33913919585
-0.1 0.6 -1.43566367686 -1.80919898818
-0.1 0.7 -1.32821723048 -1.20455775958
-0.1 0.8 -1.20783643186 -0.569405769629
-0.1 0.9 -1.07952441109 0.0504470417071
-0.1 1.0 -0.948156700759 0.612834855027
-0.1 1.1 -0.818218598423 1.08380765659
-0.1 1.2 -0.693591502053 1.44080577196
-0.1 1.3 -0.577400507133 1.67403508734
-0.1 1.4 -0.471930368843 1.78600164445
-0.1 1.5 -0.378610689816 1.78949602801
-0.1 1.6 -0.298064620232 1.70455068493
-0.1 1.7 -0.230209449465 1.55499031319
-0.1 1.8 -0.174393203596 1.36515765643
-0.1 1.9 -0.129549413155 1.15725641815
-0.1 2.0 -0.0943527700998 0.949558868254
0.0 -2.0 -0.0289203938053 0.531072938962
0.0 -1.9 -0.042714866202 0.648487414117
0.0 -1.8 -0.0618397903613 0.769462446345
0.0 -1.7 -0.0877548397135 0.886132698935
0.0 -1.6 -0.12206418516 0.988857502234
0.0 -1.5 -0.166425375583 1.06681933125
0.0 -1.4 -0.222415446634 1.1088543925
0.0 -1.3 -0.291356328385 1.10441208774
0.0 -1.2 -0.374108930959 1.04451023982
0.0 -1.1 -0.47085350422 0.922556779155
0.0 -1.0 -0.58088163761 0.734949547572
0.0 -0.9 -0.702430886566 0.481434296428
0.0 -0.8 -0.832594737564 0.165274537392
0.0 -0.7 -0.967337076417 -0.206663387814
0.0 -0.6 -1.10163091887 -0.623806356667
0.0 -0.5 -1.22972643647 -1.07170775758
0.0 -0.4 -1.34553504278 -1.53188184655
0.0 -0.3 -1.44309734154 -1.98182321801
0.0 -0.2 -1.51708652442 -2.39547866127
0.0 -0.1 -1.56328868749 -2.74443794015
0.0 0.0 -1.579 -3.0
0.0 0.1 -1.56328868749 -3.13606205239
0.0 0.2 -1.51708652442 -3.13251945583
0.0 0.3 -1.44309734154 -2.97862968316
0.0 0.4 -1.34553504278 -2.67566332585
0.0 0.5 -1.22972643647 -2.23819557047
0.0 0.6 -1.10163091887 -1.69359532801
0.0 0.7 -0.967337076417 -1.07960698942
0.0 0.8 -0.832594737564 -0.440310265773
0.0 0.9 -0.702430886566 0.178913017074
0.0 1.0 -0.58088163761 0.736568217113
0.0 1.1 -0.47085350422 1.19953434018
0.0 1.2 -0.374108930959 1.54615264472
0.0 1.3 -0.291356328385 1.7675235915
0.0 1.4 -0.222415446634 1.86697695125
0.0 1.5 -0.166425375583 1.85800915034
0.0 1.6 -0.12206418516 1.76121225619
0.0 1.7 -0.0877548397135 1.60081389349
0.0 1.8 -0.0618397903613 1.40140792455
0.0 1.9 -0.042714866202 1.185314002
0.0 2.0 -0.0289203938053 0.970809449914
0.1 -2.0 -0.0654757008531 0.514183301977
0.1 -1.9 -0.0910766340273 0.625750989228
0.1 -1.8 -0.124433412289 0.739472223369
0.1 -1.7 -0.167016381695 0.84738289955
0.1 -1.6 -0.220267769019 0.939832006431
0.1 -1.5 -0.285479969182 1.00611606886
0.1 -1.4 -0.363644909129 1.03534443536
0.1 -1.3 -0.455280224974 1.01742665785
0.1 -1.2 -0.560242984677 0.944042198651
0.1 -1.1 -0.677547328487 0.809456167069
0.1 -1.0 -0.805208035657 0.611086603925
0.1 -0.9 -0.940136601075 0.349799628642
0.1 -0.8 -1.07811849725 0.0299863094172
0.1 -0.7 -1.21389833174 -0.340469920523
0.1 -0.6 -1.34139225541 -0.750220371192
0.1 -0.5 -1.45403365948 -1.18441234095
0.1 -0.4 -1.54523960478 -1.62462846402
0.1 -0.3 -1.6089638 -2.04896813965
0.1 -0.2 -1.64028099502 -2.43252193351
0.1 -0.1 -1.63593198178 -2.74849668393
0.1 0.0 -1.59475247121 -2.97014950125
0.1 0.1 -1.51791606151 -3.07349135605
0.1 0.2 -1.40894199898 -3.0404716833
0.1 0.3 -1.2734500854 -2.86212743049
0.1 0.4 -1.11868267351 -2.5410509344
0.1 0.5 -0.952850128704 -2.09255689871
0.1 0.6 -0.784384091185 -1.54412278145
0.1 0.7 -0.621196571064 -0.93300185261
0.1 0.8 -0.47003957648 -0.302285386576
0.1 0.9 -0.336040543755 0.303977119307
0.1 1.0 -0.222457668343 0.845789314361
0.1 1.1 -0.130662967277 1.29151979283
0.1 1.2 -0.060326786692 1.62084315948
0.1 1.3 -0.00975164651393 1.82593278392
0.1 1.4 0.0237104546937 1.91087689178
0.1 1.5 0.0432240577951 1.88960988308
0.1 1.6 0.0520763158173 1.7828741007
0.1 1.7 0.0533626192751 1.61481816082
0.1 1.8 0.049771348657 1.40979762643
0.1 1.9 0.0434688196011 1.18980379793
0.1 2.0 0.0360713124729 0.972755107441
0.2 -2.0 -0.100608269295 0.486781281961
0.2 -1.9 -0.137669810915 0.590131178035
0.2 -1.8 -0.18490525395 0.694128453322
0.2 -1.7 -0.243832234986 0.790858192265
0.2 -1.6 -0.315781545136 0.870842849847
0.2 -1.5 -0.401744307467 0.9237020318
0.2 -1.4 -0.502202169034 0.939037396266
0.2 -1.3 -0.616949746695 0.907430252431
0.2 -1.2 -0.744921571467 0.821407834764
0.2 -1.1 -0.884039201192 0.676237272029
0.2 -1.0 -1.03109799821 0.470448181687
0.2 -0.9 -1.18171680385 0.206056738692
0.2 -0.8 -1.33037622195 -0.11145573832
0.2 -0.7 -1.47057065624 -0.473297256118
0.2 -0.6 -1.59509358155 -0.867528203579
0.2 -0.5 -1.69646316041 -1.27915656878
0.2 -0.4 -1.76747594974 -1.69018776665
0.2 -0.3 -1.80185182425 -2.07976902814
0.2 -0.2 -1.79490742391 -2.42465739542
0.2 -0.1 -1.74417427276 -2.70025496733
0.2 0.0 -1.64986762491 -2.88236831746
0.2 0.1 -1.51511822734 -2.94966732243
0.2 0.2 -1.34590363303 -2.88658481515
0.2 0.3 -1.15065625268 -2.68618173273
0.2 0.4 -0.939575412232 -2.35237719974
0.2 0.5 -0.723720522562 -1.90096359343
0.2 0.6 -0.5140014113 -1.35900686133
0.2 0.7 -0.320201103505 -0.762537738218
0.2 0.8 -0.150161276537 -0.152795684897
0.2 0.9 -0.00923216253009 0.428397986292
0.2 1.0 0.0999569840579 0.943370546148
0.2 1.1 0.177403770216 1.36264546435
0.2 1.2 0.2253613115 1.6676737051
0.2 1.3 0.247772691374 1.8518952181
0.2 1.4 0.249612396402 1.9201099315
0.2 1.5 0.236234402213 1.88644228465
0.2 1.6 0.2128086563 1.77139513098
0.2 1.7 0.183899399372 1.59857382947
0.2 1.8 0.153207210416 1.3916208728
0.2 1.9 0.123468258151 1.17176585607
0.2 2.0 0.0964834217604 0.95621145612
0.3 -2.0 -0.132321297788 0.449488595208
0.3 -1.9 -0.179845359662 0.542334782183
0.3 -1.8 -0.23981595154 0.634195121107
0.3 -1.7 -0.313831650888 0.717333986537
0.3 -1.6 -0.403168321281 0.782611965216
0.3 -1.5 -0.508596443988 0.820162410186
0.3 -1.4 -0.630190824137 0.820283357473
0.3 -1.3 -0.767145050214 0.774430218176
0.3 -1.2 -0.917604535958 0.676162936188
0.3 -1.1 -1.07853366966 0.521903834296
0.3 -1.0 -1.24563503887 0.311403716471
0.3 -0.9 -1.41334184537 0.0478857745242
0.3 -0.8 -1.57490749415 -0.262081385171
0.3 -0.7 -1.72261690848 -0.608867077705
0.3 -0.6 -1.84813969235 -0.980085479295
0.3 -0.5 -1.9430333333 -1.36083368009
0.3 -0.4 -1.99938409835 -1.73385975937
0.3 -0.3 -2.01054551508 -2.0797727102
0.3 -0.2 -1.9719037854 -2.37749606494
0.3 -0.1 -1.88157321731 -2.60518979726
0.3 0.0 -1.74091095758 -2.74179355581
0.3 0.1 -1.55474594191 -2.76918253091
0.3 0.2 -1.331245359 -2.6747138064
0.3 0.3 -1.08139093191 -2.45373988925
0.3 0.4 -0.818099070585 -2.11154698713
0.3 0.5 -0.55508120391 -1.66419019165
0.3 0.6 -0.305589667946 -1.13786018913
0.3 0.7 -0.081218857054 -0.566695532736
0.3 0.8 0.109075280817 0.0107176559396
0.3 0.9 0.259610990531 0.555626228395
0.3 1.0 0.368204130918 1.03346225836
0.3 1.1 0.435980010588 1.41754141765
0.3 1.2 0.466837906593 1.69152466451
0.3 1.3 0.466679090462 1.85032136117
0.3 1.4 0.442531380479 1.89942170968
0.3 1.5 0.401699737291 1.85292955071
0.3 1.6 0.351047508382 1.73076254868
0.3 1.7 0.296474723699 1.55556406038
0.3 1.8 0.242617835804 1.34983101004
0.3 1.9 0.192757963067 1.1336335196
0.3 2.0 0.148897825996 0.923128556595
0.4 -2.0 -0.158665809512 0.40353028851
0.4 -1.9 -0.214964178484 0.483822697809
0.4 -1.8 -0.285660506622 0.561355754833
0.4 -1.7 -0.372447630625 0.628679302329
0.4 -1.6 -0.476588038334 0.677129235739
0.4 -1.5 -0.598705161007 0.697514559178
0.4 -1.4 -0.738573815292 0.681006646257
0.4 -1.3 -0.894924766304 0.620115081251
0.4 -1.2 -1.06527871169 0.50960296314
0.4 -1.1 -1.24582543702 0.347196503115
0.4 -1.0 -1.43136536246 0.133983993709
0.4 -0.9 -1.61533347864 -0.125529557238
0.4 -0.8 -1.7899288883 -0.423663293687
0.4 -0.7 -1.94637459224 -0.74998140381
0.4 -0.6 -2.07532854803 -1.09175375347
0.4 -0.5 -2.16745517094 -1.43434728562
0.4 -0.4 -2.21414459788 -1.76152138009
0.4 -0.3 -2.20833634845 -2.05570697098
0.4 -0.2 -2.14536931614 -2.29843921773
0.4 -0.1 -2.02374941546 -2.4711448677
0.4 0.0 -1.84570936115 -2.5564313669
0.4 0.1 -1.61744043979 -2.53988667696
0.4 0.2 -1.34890803954 -2.41221004318
0.4 0.3 -1.05321902699 -2.17131215922
0.4 0.4 -0.745580785306 -1.82391210536
0.4 0.5 -0.441964520581 -1.38616627746
0.4 0.6 -0.1576430685 -0.883005698667
0.4 0.7 0.0941979399588 -0.346105909077
0.4 0.8 0.303584621316 0.189293306003
0.4 0.9 0.464467701606 0.688240418998
0.4 1.0 0.574946195186 1.11996072982
0.4 1.1 0.637005490485 1.46113026385
0.4 1.2 0.655848724915 1.69801432322
0.4 1.3 0.638955238519 1.82718707012
0.4 1.4 0.595025590122 1.85482955033
0.4 1.5 0.532967550604 1.7948598652
0.4 1.6 0.46104686627 1.66632562813
0.4 1.7 0.386280225261 1.4905567899
0.4 1.8 0.314097202489 1.28853794838
0.4 1.9 0.248253202035 1.07883978913
0.4 2.0 0.190943487895 0.876289460929
0.5 -2.0 -0.177959155825 0.350723277661
0.5 -1.9 -0.240699787751 0.416818151124
0.5 -1.8 -0.319280079801 0.47825489568
0.5 -1.7 -0.415467248781 0.527948852657
0.5 -1.6 -0.530520372462 0.557816111913
0.5 -1.5 -0.664962365352 0.559466725121
0.5 -1.4 -0.818355867861 0.525084348132
0.5 -1.3 -0.989099915925 0.448376441859
0.5 -1.2 -1.17426379874 0.325448155638
0.5 -1.1 -1.36947408845 0.155454317579
0.5 -1.0 -1.56887161713 -0.0590772891126
0.5 -0.9 -1.76515770805 -0.312288338315
0.5 -0.8 -1.94975244849 -0.59535228411
0.5 -0.7 -2.11308982045 -0.897040957128
0.5 -0.6 -2.24507145593 -1.20434806832
0.5 -0.5 -2.33568891749 -1.50304362783
0.5 -0.4 -2.37580153046 -1.77810484219
0.5 -0.3 -2.35802390228 -2.01406801151
0.5 -0.2 -2.27763947335 -2.19543523782
0.5 -0.1 -2.13342263276 -2.30731018639
0.5 0.0 -1.92823285881 -2.33640234921
0.5 0.1 -1.66924957811 -2.27242781265
0.5 0.2 -1.36775097518 -2.1097740246
0.5 0.3 -1.03840172388 -1.84913659232
0.5 0.4 -0.698093698118 -1.49873463289
0.5 0.5 -0.364464273421 -1.07471167594
0.5 0.6 -0.0542807518205 -0.600446178397
0.5 0.7 0.218088770785 -0.1047074199
0.5 0.8 0.441906655537 0.381154243475
0.5 0.9 0.610836239193 0.826567343169
0.5 1.0 0.723166757755 1.20509647655
0.5 1.1 0.781498288093 1.49723190791
0.5 1.2 0.79197624893 1.69216212751
0.5 1.3 0.763226047664 1.78828931406
0.5 1.4 0.705166738723 1.79249543267
0.5 1.5 0.627876362974 1.71839198669
0.5 1.6 0.540646852183 1.58394036945
0.5 1.7 0.451314062004 1.40888710098
0.5 1.8 0.365891512653 1.21242064912
0.5 1.9 0.288486224269 1.01134782774
0.5 2.0 0.221439393627 0.818943902877
0.6 -2.0 -0.189003598318 0.293386669078
0.6 -1.9 -0.25535151082 0.344210276301
0.6 -1.8 -0.338302658262 0.388402342793
0.6 -1.7 -0.439640580016 0.419298855103
0.6 -1.6 -0.560591060495 0.42946747993
0.6 -1.5 -0.701584257898 0.411403711991
0.6 -1.4 -0.862024445374 0.358395904812
0.6 -1.3 -1.04008533186 0.265443647104
0.6 -1.2 -1.23254785405 0.130083613075
0.6 -1.1 -1.43469622115 -0.0470223721163
0.6 -1.0 -1.64028822622 -0.261845324648
0.6 -0.9 -1.84161811205 -0.507133374689
0.6 -0.8 -2.02969388319 -0.772899990724
0.6 -0.7 -2.19455341979 -1.04714093838
0.6 -0.6 -2.32574121916 -1.31662591219
0.6 -0.5 -2.41295600746 -1.56762159237
0.6 -0.4 -2.44685632887 -1.78646290418
0.6 -0.3 -2.41997737129 -1.95997967014
0.6 -0.2 -2.32767295346 -2.07587393137
0.6 -0.1 -2.16896105695 -2.1231930002
0.6 0.0 -1.94713090491 -2.09302897821
0.6 0.1 -1.6699745765 -1.97949263005
0.6 0.2 -1.34954194228 -1.78087948551
0.6 0.3 -1.00138225956 -1.5008108856
0.6 0.4 -0.643318794548 -1.14904175347
0.6 0.5 -0.293887618065 -0.7416196012
0.6 0.6 0.0293608960795 -0.300170381205
0.6 0.7 0.31146580921 0.149740547259
0.6 0.8 0.541341955273 0.581014074209
0.6 0.9 0.71257766779 0.967842062303
0.6 1.0 0.823655232537 1.28848843246
0.6 1.1 0.87760115364 1.52755510784
0.6 1.2 0.881162089421 1.6773605503
0.6 1.3 0.843666765361 1.7382378863
0.6 1.4 0.775763822874 1.7177711741
0.6 1.5 0.688218619224 1.62917987743
0.6 1.6 0.590914736843 1.48919108557
0.6 1.7 0.49215016323 1.31578490663
0.6 1.8 0.398257463005 1.12616252195
0.6 1.9 0.313523961366 0.935189558438
0.6 2.0 0.240350226707 0.754441118184
0.7 -2.0 -0.191261484056 0.234174836306
0.7 -1.9 -0.258104503975 0.269350721502
0.7 -1.8 -0.34152122315 0.295932435777
0.7 -1.7 -0.443219551499 0.307710681655
0.7 -1.6 -0.564324207152 0.29794446513
0.7 -1.5 -0.705140473247 0.260057072112
0.7 -1.4 -0.864929246842 0.188482451632
0.7 -1.3 -1.04171161731 0.0795473251117
0.7 -1.2 -1.23211951247 -0.0677551790522
0.7 -1.1 -1.4313071426 -0.25124465063
0.7 -1.0 -1.63293757571 -0.465394533689
0.7 -0.9 -1.82926064802 -0.701578594807
0.7 -0.8 -2.01130196446 -0.948684067461
0.7 -0.7 -2.16918555803 -1.19397719878
0.7 -0.6 -2.29261095348 -1.42406107027
0.7 -0.5 -2.3714947171 -1.62576566714
0.7 -0.4 -2.39676436569 -1.7868582847
0.7 -0.3 -2.36125938132 -1.89654373707
0.7 -0.2 -2.26065510704 -1.94581030876
0.7 -0.1 -2.09428971492 -1.92773639576
0.7 0.0 -1.86575368349 -1.83787918255
0.7 0.1 -1.58310567492 -1.67481311066
0.7 0.2 -1.25861400666 -1.44078724478
0.7 0.3 -0.907987181059 -1.1423606373
0.7 0.4 -0.549139952575 -0.790794942638
0.7 0.5 -0.200626401477 -0.401968473826
0.7 0.6 0.120060854384 0.00435963230588
0.7 0.7 0.398092482552 0.405974015628
0.7 0.8 0.622581995103 0.780189920911
0.7 0.9 0.787371603255 1.10612478839
0.7 1.0 0.891236166331 1.36688515585
0.7 1.1 0.937513577086 1.5512936812
0.7 1.2 0.93325937179 1.65486364055
0.7 1.3 0.888088177171 1.67987627439
0.7 1.4 0.812894214183 1.63459037419
0.7 1.5 0.718635675748 1.53177005417
0.7 1.6 0.615329768722 1.38682085473
0.7 1.7 0.511348508423 1.21585844179
0.7 1.8 0.41304386678 1.03400005179
0.7 1.9 0.324676941063 0.854084427703
0.7 2.0 0.24858775328 0.68591795608
0.8 -2.0 -0.184948386338 0.175851221481
0.8 -1.9 -0.24917847874 0.195764913729
0.8 -1.8 -0.329123765383 0.205243595283
0.8 -1.7 -0.426303299904 0.198550768671
0.8 -1.6 -0.541646535976 0.169649031982
0.8 -1.5 -0.675270990666 0.112891960678
0.8 -1.4 -0.826275731976 0.0238477604931
0.8 -1.3 -0.992568401679 -0.0998585170679
0.8 -1.2 -1.17074100735 -0.257825974727
0.8 -1.1 -1.3560070328 -0.446424617854
0.8 -1.0 -1.54221116903 -0.658717427611
0.8 -0.9 -1.72192418803 -0.884803818096
0.8 -0.8 -1.88663878446 -1.11254957553
0.8 -0.7 -2.02708536937 -1.32859055901
0.8 -0.6 -2.13368604362 -1.51944509828
0.8 -0.5 -2.1971561133 -1.67255981539
0.8 -0.4 -2.20924267761 -1.77714997256
0.8 -0.3 -2.16355932555 -1.82476766734
0.8 -0.2 -2.05643943073 -1.80961563205
0.8 -0.1 -1.88769664694 -1.72869194425
0.8 0.0 -1.66116096101 -1.58187727213
0.8 0.1 -1.38486215476 -1.3720511514
0.8 0.2 -1.07076541038 -1.10525589522
0.8 0.3 -0.734024497346 -0.790841567277
0.8 0.4 -0.391796883552 -0.441456720666
0.8 0.5 -0.0617461989838 -0.0727271338124
0.8 0.6 0.239577807268 0.297496746487
0.8 0.7 0.498259416036 0.650349933825
0.8 0.8 0.70422399608 0.967525319609
0.8 0.9 0.851968669168 1.23299995374
0.8 1.0 0.940733372296 1.43463759677
0.8 1.1 0.974121982233 1.56538718821
0.8 1.2 0.959269138554 1.62386288699
0.8 1.3 0.905710542337 1.61420844307
0.8 1.4 0.824142594809 1.54528556229
0.8 1.5 0.725249567143 1.42934793929
0.8 1.6 0.618739277117 1.28044191723
0.8 1.7 0.512673092341 1.11279732851
0.8 1.8 0.413116453628 0.939439904869
0.8 1.9 0.324083964982 0.771184680188
0.8 2.0 0.247716467375 0.616079983977
0.9 -2.0 -0.171020804782 0.121034826237
0.9 -1.9 -0.229828083381 0.126819868717
0.9 -1.8 -0.302718289179 0.12057189214
0.9 -1.7 -0.390905160434 0.0970344022203
0.9 -1.6 -0.495020259155 0.0508636492165
0.9 -1.5 -0.614916180994 -0.022688955717
0.9 -1.4 -0.74949146604 -0.12698079289
0.9 -1.3 -0.89655369707 -0.263179280888
0.9 -1.2 -1.05273377888 -0.429598807376
0.9 -1.1 -1.2134605606 -0.621313095577
0.9 -1.0 -1.37300256537 -0.830151974345
0.9 -0.9 -1.52458387192 -1.04513073568
0.9 -0.8 -1.66058405769 -1.25328090085
0.9 -0.7 -1.77283566559 -1.44077202769
0.9 -0.6 -1.85303340815 -1.59415634244
0.9 -0.5 -1.89326320848 -1.70154842127
0.9 -0.4 -1.88664320902 -1.75357748098
0.9 -0.3 -1.82804289831 -1.74401308103
0.9 -0.2 -1.71481435187 -1.6700469119
0.9 -0.1 -1.54743900084 -1.53228815193
0.9 0.0 -1.32997436626 -1.33457419867
0.9 0.1 -1.07018726002 -1.08369970318
0.9 0.2 -0.779288548825 -0.789127640558
0.9 0.3 -0.471238629819 -0.462684404178
0.9 0.4 -0.16166375243 -0.118182927959
0.9 0.5 0.133503281953 0.229111227371
0.9 0.6 0.39948570478 0.563241510331
0.9 0.7 0.624026947782 0.868564275035
0.9 0.8 0.798463186454 1.13092903858
0.9 0.9 0.918356829045 1.3388915646
0.9 1.0 0.983617004591 1.48476852156
0.9 1.1 0.998118291028 1.56534244727
0.9 1.2 0.968907667599 1.58207608843
0.9 1.3 0.905146354726 1.54078303347
0.9 1.4 0.816958393306 1.45080336987
0.9 1.5 0.714349978493 1.32382249807
0.9 1.6 0.606328510552 1.1725270655
0.9 1.7 0.500298853537 1.00930384969
0.9 1.8 0.401758913844 0.845157303077
0.9 1.9 0.314268440369 0.688961483093
0.9 2.0 0.239631323981 0.547089668973
1.0 -2.0 -0.151056686183 0.0719585787714
1.0 -1.9 -0.202189102197 0.0654015585919
1.0 -1.8 -0.26514003117 0.0455689077851
1.0 -1.7 -0.340717602653 0.00768458776182
1.0 -1.6 -0.429164615997 -0.0529280654521
1.0 -1.5 -0.52999689201 -0.140180393574
1.0 -1.4 -0.641870563235 -0.256455966601
1.0 -1.3 -0.762493015775 -0.401859233937
1.0 -1.2 -0.888587448485 -0.573609049905
1.0 -1.1 -1.01591576577 -0.765712720651
1.0 -1.0 -1.13936068251 -0.969027695031
1.0 -0.9 -1.25306699467 -1.17176034642
1.0 -0.8 -1.35064423846 -1.36037427738
1.0 -0.7 -1.42543697176 -1.52080115722
1.0 -0.6 -1.47087158057 -1.63978517109
1.0 -0.5 -1.48088599401 -1.70616471578
1.0 -0.4 -1.45043786171 -1.71191041546
1.0 -0.3 -1.37606686544 -1.65279321275
1.0 -0.2 -1.25646070343 -1.52863494672
1.0 -0.1 -1.0929483139 -1.34317403724
1.0 0.0 -0.889826792305 -1.10363832351
1.0 0.1 -0.654428662494 -0.82014101382
1.0 0.2 -0.396858916903 -0.505001911395
1.0 0.3 -0.129376106778 -0.172055428489
1.0 0.4 0.134548268835 0.164041048732
1.0 0.5 0.38139518558 0.488519329126
1.0 0.6 0.598840924788 0.787260734365
1.0 0.7 0.776904618176 1.04760872965
1.0 0.8 0.908835294141 1.25919428733
1.0 0.9 0.991613145715 1.41468854709
1.0 1.0 1.02600384927 1.51036882798
1.0 1.1 1.01617904733 1.54638641575
1.0 1.2 0.968984617873 1.52666066413
1.0 1.3 0.892987333623 1.4583853267
1.0 1.4 0.797451680155 1.35120313836
1.0 1.5 0.691390654689 1.2161646609
1.0 1.6 0.582802522633 1.06462219136
1.0 1.7 0.478159396858 0.907211934882
1.0 1.8 0.382164255157 0.753049671115
1.0 1.9 0.297750442316 0.609216281588
1.0 2.0 0.226268345766 0.480553075154
1.1 -2.0 -0.127049344088 0.0302773342548
1.1 -1.9 -0.168997415871 0.0136540052474
1.1 -1.8 -0.220075353846 -0.0170455692073
1.1 -1.7 -0.280618152054 -0.0661206659574
1.1 -1.6 -0.350418563401 -0.13761897366
1.1 -1.5 -0.428607036049 -0.23469546192
1.1 -1.4 -0.513568750774 -0.358890501494
1.1 -1.3 -0.602910330982 -0.509430281963
1.1 -1.2 -0.693482633892 -0.682677237366
1.1 -1.1 -0.781459180124 -0.871860453298
1.1 -1.0 -0.862464304616 -1.06718984889
1.1 -0.9 -0.93174280252 -1.25640378776
1.1 -0.8 -0.984364411247 -1.42572599235
1.1 -0.7 -1.01546098313 -1.56112936213
1.1 -0.6 -1.02049906759 -1.64974004344
1.1 -0.5 -0.995592265041 -1.6811816164
1.1 -0.4 -0.937852884178 -1.64866628214
1.1 -0.3 -0.845769715866 -1.54968663346
1.1 -0.2 -0.719579717698 -1.38623626932
1.1 -0.1 -0.56158091892 -1.16457082105
1.1 0.0 -0.376319002695 -0.89459183829
1.1 0.1 -0.170578085845 -0.58897827841
1.1 0.2 0.0468779148623 -0.262197729895
1.1 0.3 0.265832961561 0.0704930735862
1.1 0.4 0.475388382071 0.393987758647
1.1 0.5 0.664897099277 0.694177448795
1.1 0.6 0.824944917986 0.958697165723
1.1 0.7 0.948240753619 1.17756703503
1.1 0.8 1.0302839533 1.3437110864
1.1 0.9 1.06970979242 1.45331756012
1.1 1.0 1.06826710926 1.50599244295
1.1 1.1 1.03044326588 1.50466225179
1.1 1.2 0.962807884127 1.45520586145
1.1 1.3 0.873186588828 1.36583368821
1.1 1.4 0.769792378129 1.24627531224
1.1 1.5 0.660434217887 1.10687135793
1.1 1.6 0.551894518613 0.957682293865
1.1 1.7 0.449527522656 0.807721373906
1.1 1.8 0.357088768685 0.664393207803
1.1 1.9 0.276770014721 0.533180588053
1.1 2.0 0.20938975507 0.417579908132
1.2 -2.0 -0.101152487144 -0.00304631725606
1.2 -1.9 -0.133233378081 -0.0271800603455
1.2 -1.8 -0.17157453418 -0.0657009857288
1.2 -1.7 -0.216013616575 -0.122438440337
1.2 -1.6 -0.265873477237 -0.200856622309
1.2 -1.5 -0.319886351761 -0.303447282817
1.2 -1.4 -0.376163475031 -0.431055829462
1.2 -1.3 -0.432220374319 -0.582237995592
1.2 -1.2 -0.48506048565 -0.752767169606
1.2 -1.1 -0.531311252457 -0.935414995799
1.2 -1.0 -0.567399710847 -1.12010410214
1.2 -0.9 -0.589750821113 -1.2944816563
1.2 -0.8 -0.594992628617 -1.4448928622
1.2 -0.7 -0.580157349339 -1.55765789203
1.2 -0.6 -0.542874608697 -1.62049112079
1.2 -0.5 -0.481559053717 -1.6238640709
1.2 -0.4 -0.395596037359 -1.56211373903
1.2 -0.3 -0.285523930923 -1.4341373782
1.2 -0.2 -0.153200164282 -1.24358469164
1.2 -0.1 -0.00192347636237 -0.998542259386
1.2 0.0 0.163527539042 -0.710783276046
1.2 0.1 0.336983675876 -0.394711423775
1.2 0.2 0.511137665497 -0.0661515122443
1.2 0.3 0.677973174366 0.258868390276
1.2 0.4 0.829350516618 0.565229491778
1.2 0.5 0.957693233428 0.83965609393
1.2 0.6 1.05668967285 1.07143433367
1.2 0.7 1.12190848536 1.25290473449
1.2 0.8 1.15123190541 1.37972926352
1.2 0.9 1.1450360958 1.45093626524
1.2 1.0 1.10608863722 1.46874750799
1.2 1.1 1.03918043242 1.43819728842
1.2 1.2 0.950552392976 1.36656712034
1.2 1.3 0.847207192961 1.26267927915
1.2 1.4 0.736207660671 1.13611287995
1.2 1.5 0.624055325437 0.99642033949
1.2 1.6 0.516218955823 0.852424486393
1.2 1.7 0.416850317912 0.711665122442
1.2 1.8 0.328690508921 0.580040437094
1.2 1.9 0.253141751927 0.461658519734
1.2 2.0 0.190460788649 0.358883945457
1.3 -2.0 -0.0754219031546 -0.0277653839992
1.3 -1.9 -0.0977566728873 -0.056797450261
1.3 -1.8 -0.123544733689 -0.100035328684
1.3 -1.7 -0.152148409685 -0.160848663703
1.3 -1.6 -0.182446113244 -0.242167893059
1.3 -1.5 -0.212799642994 -0.345919561212
1.3 -1.4 -0.241074477116 -0.472407479167
1.3 -1.3 -0.264721003409 -0.619729728232
1.3 -1.2 -0.280915701095 -0.783342486022
1.3 -1.1 -0.286751310395 -0.955884287644
1.3 -1.0 -0.279456324062 -1.1273530649
1.3 -0.9 -0.256619047798 -1.28568255815
1.3 -0.8 -0.216391579272 -1.41770022267
1.3 -0.7 -0.157654501123 -1.51037728169
1.3 -0.6 -0.0801323280873 -1.55221852531
1.3 -0.5 0.015540145129 -1.53460010928
1.3 -0.4 0.12779293455 -1.45285883776
1.3 -0.3 0.254127569645 -1.30696925067
1.3 -0.2 0.391149685093 -1.10170914594
1.3 -0.1 0.534630640481 -0.846296039856
1.3 0.0 0.6796112396 -0.553558571979
1.3 0.1 0.820566892329 -0.238771019607
1.3 0.2 0.951652075654 0.0816855647377
1.3 0.3 1.06703089474 0.391668842557
1.3 0.4 1.1612813813 0.676484605374
1.3 0.5 1.22983852075 0.923858322726
1.3 0.6 1.2694214132 1.12461266955
1.3 0.7 1.27837988752 1.27303528395
1.3 0.8 1.25689954146 1.36695076099
1.3 0.9 1.20702214567 1.4075295301
1.3 1.0 1.13246721487 1.39887682239
1.3 1.1 1.03827385643 1.34745153085
1.3 1.2 0.930312102471 1.2613703683
1.3 1.3 0.814733120479 1.1496579327
1.3 1.4 0.69743399373 1.0215064622
1.3 1.5 0.58360475083 0.885607520396
1.3 1.6 0.477405935999 0.749609455831
1.3 1.7 0.381799428718 0.619738865133
1.3 1.8 0.298529307565 0.500603296172
1.3 1.9 0.228228352072 0.39516961466
1.3 2.0 0.170612465016 0.304892007488
1.4 -2.0 -0.0515965882969 -0.0442847049822
1.4 -1.9 -0.0649936881273 -0.0757551707554
1.4 -1.8 -0.0793114260147 -0.120798859072
1.4 -1.7 -0.0935002626373 -0.18234029212
1.4 -1.6 -0.106060832776 -0.262827928727
1.4 -1.5 -0.115049852944 -0.363719693278
1.4 -1.4 -0.118144989121 -0.484925085634
1.4 -1.3 -0.112774468126 -0.62428560054
1.4 -1.2 -0.0963072475207 -0.777194040974
1.4 -1.1 -0.0662883980673 -0.936455934034
1.4 -1.0 -0.0206944027621 -1.09247750319
1.4 -0.9 0.0418231284451 -1.23382364605
1.4 -0.8 0.121737365636 -1.34813080534
1.4 -0.7 0.218516071477 -1.42329362416
1.4 -0.6 0.330576618199 -1.44878457747
1.4 -0.5 0.455327899754 -1.41692648642
1.4 -0.4 0.589288078279 -1.32392965742
1.4 -0.3 0.728258498992 -1.17053240966
1.4 -0.2 0.867531646015 -0.96214183582
1.4 -0.1 1.00211465566 -0.708449196984
1.4 0.0 1.12695751676 -0.422575262763
1.4 0.1 1.2371831325 -0.119868746191
1.4 0.2 1.32832121838 0.18347675019
1.4 0.3 1.3965471305 0.471810846951
1.4 0.4 1.43891995753 0.731261488483
1.4 0.5 1.45360380125 0.95069873023
1.4 0.6 1.44004609024 1.12235903553
1.4 0.7 1.39908136966 1.24211160994
1.4 0.8 1.33293146029 1.30938970694
1.4 0.9 1.24508400831 1.32683912589
1.4 1.0 1.14004934191 1.29975317188
1.4 1.1 1.02301610852 1.23537033815
1.4 1.2 0.899444333632 1.14211072403
1.4 1.3 0.774645839993 1.0288219253
1.4 1.4 0.653403757546 0.904095989642
1.4 1.5 0.539674990765 0.77570641466
1.4 1.6 0.436404192735 0.650198412322
1.4 1.7 0.345458786005 0.532647662043
1.4 1.8 0.2676760628 0.426584231541
1.4 1.9 0.202998924889 0.334061542512
1.4 2.0 0.15066851031 0.255837486688
1.5 -2.0 -0.0309503920299 -0.053528404471
1.5 -1.9 -0.0367231632598 -0.0852971787374
1.5 -1.8 -0.0413143539869 -0.129632304472
1.5 -1.7 -0.0433568619512 -0.189033153278
1.5 -1.6 -0.0410709163781 -0.265518540855
1.5 -1.5 -0.0323016292342 -0.360168109465
1.5 -1.4 -0.0146192189025 -0.472629385205
1.5 -1.3 0.0145142026645 -0.600663168947
1.5 -1.2 0.057518012304 -0.739816536984
1.5 -1.1 0.116425267445 -0.883315232264
1.5 -1.0 0.192603122563 -1.02225097012
1.5 -0.9 0.286497884103 -1.14610312913
1.5 -0.8 0.397442169248 -1.24358222559
1.5 -0.7 0.523555743714 -1.30372308583
1.5 -0.6 0.661759419687 -1.31710074439
1.5 -0.5 0.807905181956 -1.27700453209
1.5 -0.4 0.957008908256 -1.18039571261
1.5 -0.3 1.10355832186 -1.02849597305
1.5 -0.2 1.24186100165 -0.826905471573
1.5 -0.1 1.36639655252 -0.585220475611
1.5 0.0 1.47214258922 -0.316197673686
1.5 0.1 1.55485352799 -0.034579663638
1.5 0.2 1.6112810545 0.24425875665
1.5 0.3 1.6393326457 0.505668083785
1.5 0.4 1.63816810229 0.73692371413
1.5 0.5 1.60823391854 0.92814328794
1.5 0.6 1.55123326104 1.07284840383
1.5 0.7 1.47002788847 1.16815118549
1.5 0.8 1.368469756 1.21459367309
1.5 0.9 1.25116532556 1.21570322391
1.5 1.0 1.12318411052 1.17734780144
1.5 1.1 0.989732634887 1.10698199069
1.5 1.2 0.855822973591 1.01287039612
1.5 1.3 0.72596879448 0.90336296253
1.5 1.4 0.603939871536 0.786279701263
1.5 1.5 0.492598457198 0.668442763402
1.5 1.6 0.393829242845 0.555373760884
1.5 1.7 0.308561420647 0.451155395646
1.5 1.8 0.236869320605 0.358440358189
1.5 1.9 0.178129453205 0.278578425996
1.5 2.0 0.131207755413 0.211825643642
1.6 -2.0 -0.0142283487741 -0.0567662562535
1.6 -1.9 -0.0139817529511 -0.0871241959343
1.6 -1.8 -0.0109702840688 -0.128767837328
1.6 -1.7 -0.0036204100368 -0.183797375414
1.6 -1.6 0.0100141410856 -0.253853803271
1.6 -1.5 0.0321915418368 -0.339719306593
1.6 -1.4 0.0653572267415 -0.440890906047
1.6 -1.3 0.111953125119 -0.555190515213
1.6 -1.2 0.174169271197 -0.678488922748
1.6 -1.1 0.253658449835 -0.804623509257
1.6 -1.0 0.351245648939 -0.925575676913
1.6 -0.9 0.466671505507 -1.03194291583
1.6 -0.8 0.598410350748 -1.11369515417
1.6 -0.7 0.743597626721 -1.16115273847
1.6 -0.6 0.898088659493 -1.16607436495
1.6 -0.5 1.05665300508 -1.12270871863
1.6 -0.4 1.213289132 -1.0286527353
1.6 -0.3 1.36162691673 -0.885376980661
1.6 -0.2 1.49537371773 -0.698323153314
1.6 -0.1 1.60875573486 -0.476542450738
1.6 0.0 1.69691017309 -0.23191422133
1.6 0.1 1.75619380956 0.0219519251385
1.6 0.2 1.78438706528 0.2709826937
1.6 0.3 1.78078643358 0.501910456654
1.6 0.4 1.7461895454 0.703389547844
1.6 0.5 1.68278492596 0.866837500965
1.6 0.6 1.59396266652 0.986928229214
1.6 0.7 1.48406388136 1.06171794082
1.6 0.8 1.35808739385 1.09243358857
1.6 0.9 1.22137273079 1.0829908935
1.6 1.0 1.07927956162 1.03933097577
1.6 1.1 0.936884722367 0.968671212434
1.6 1.2 0.798717904792 0.878759444613
1.6 1.3 0.668554943636 0.777204757467
1.6 1.4 0.54928286101 0.670936775679
1.6 1.5 0.4428436706 0.565822413204
1.6 1.6 0.350255418999 0.466447232147
1.6 1.7 0.271700542722 0.376050136238
1.6 1.8 0.206664883292 0.296586407886
1.6 1.9 0.154106777804 0.228885738432
1.6 2.0 0.112635010873 0.172868884502
1.7 -2.0 -0.00166439092141 -0.0554294802976
1.7 -1.9 0.00291411618775 -0.0831478549115
1.7 -1.8 0.0113010260061 -0.120707520971
1.7 -1.7 0.0251628378163 -0.169841356254
1.7 -1.6 0.0464967575157 -0.231862971551
1.7 -1.5 0.0775552260356 -0.307326619655
1.7 -1.4 0.120708101945 -0.395666555119
1.7 -1.3 0.178241378017 -0.494869505086
1.7 -1.2 0.252101913981 -0.601246019454
1.7 -1.1 0.343609565442 -0.709368511559
1.7 -1.0 0.453169050396 -0.812232262049
1.7 -0.9 0.580021348052 -0.901669482726
1.7 -0.8 0.722076057455 -0.969008070026
1.7 -0.7 0.875860558811 -1.0059218359
1.7 -0.6 1.03660905928 -1.00537643487
1.7 -0.5 1.19849634563 -0.962544501143
1.7 -0.4 1.35500039343 -0.875552850574
1.7 -0.3 1.49935874214 -0.745938478857
1.7 -0.2 1.6250694398 -0.578727778825
1.7 -0.1 1.72638104088 -0.382108751682
1.7 0.0 1.79871856355 -0.166728637834
1.7 0.1 1.83900256769 0.0552928338347
1.7 0.2 1.84583415431 0.271502580153
1.7 0.3 1.81953644969 0.470255293771
1.7 0.4 1.76205982036 0.6417134255
1.7 0.5 1.67677126244 0.77859261006
1.7 0.6 1.5681569196 0.876584026135
1.7 0.7 1.44147049584 0.934435799937
1.7 0.8 1.30236027949 0.95372262591
1.7 0.9 1.15650475947 0.938369085418
1.7 1.0 1.00928246263 0.894013646201
1.7 1.1 0.865496371984 0.827306298788
1.7 1.2 0.729167426565 0.74522525073
1.7 1.3 0.603405276508 0.654480813002
1.7 1.4 0.490357827117 0.561051990575
1.7 1.5 0.391234510185 0.4698775092
1.7 1.6 0.306392257912 0.384701433141
1.7 1.7 0.235468528018 0.308056428827
1.7 1.8 0.177543055991 0.241356274256
1.7 1.9 0.131309627395 0.185063592301
1.7 2.0 0.0952410067414 0.138898415259
1.8 -2.0 0.00693686379978 -0.0509431942783
1.8 -1.9 0.0142541711617 -0.0752662963069
1.8 -1.8 0.0259205415466 -0.107928797138
1.8 -1.7 0.0435922152282 -0.150333095022
1.8 -1.6 0.0692130501362 -0.20351368321
1.8 -1.5 0.10493244073 -0.267854570114
1.8 -1.4 0.152964622234 -0.342791148591
1.8 -1.3 0.215389109963 -0.426541031992
1.8 -1.2 0.293902001217 -0.515918368369
1.8 -1.1 0.38953906844 -0.60628789927
1.8 -1.0 0.502401948428 -0.691705602869
1.8 -0.9 0.631425883054 -0.765271185537
1.8 -0.8 0.774229173251 -0.819685769641
1.8 -0.7 0.927079337877 -0.847970639413
1.8 -0.6 1.08499878761 -0.844266956308
1.8 -0.5 1.24201503537 -0.804609957789
1.8 -0.4 1.39153987385 -0.727561313889
1.8 -0.3 1.52684223184 -0.614594100909
1.8 -0.2 1.64156431095 -0.470156038024
1.8 -0.1 1.73022302704 -0.30138338715
1.8 0.0 1.78864015406 -0.117491685297
1.8 0.1 1.81425449026 0.071080102313
1.8 0.2 1.80628576795 0.253658099658
1.8 0.3 1.7657397323 0.420323443844
1.8 0.4 1.69526332911 0.562777456133
1.8 0.5 1.59887523977 0.674981251062
1.8 0.6 1.48160808368 0.753508479827
1.8 0.7 1.34910372311 0.79759528129
1.8 0.8 1.20720263434 0.808914299226
1.8 0.9 1.06156340605 0.791132958452
1.8 1.0 0.91734059351 0.749335970242
1.8 1.1 0.778939862648 0.689397253258
1.8 1.2 0.649859820347 0.617378817815
1.8 1.3 0.53262104161 0.539017219664
1.8 1.4 0.428775190266 0.459336295169
1.8 1.5 0.33898120541 0.38240224595
1.8 1.6 0.263131564643 0.311217126744
1.8 1.7 0.200509772378 0.247731610484
1.8 1.8 0.149960424708 0.192948536617
1.8 1.9 0.110055240302 0.1470851026
1.8 2.0 0.0792418892188 0.109762758607
1.9 -2.0 0.0120795741814 -0.0445950437166
1.9 -1.9 0.0207639715647 -0.0651880374028
1.9 -1.8 0.0339135369449 -0.0926530872506
1.9 -1.7 0.0530902566396 -0.128102370633
1.9 -1.6 0.0801009053008 -0.172336583917
1.9 -1.5 0.116915076134 -0.225615776242
1.9 -1.4 0.165530089747 -0.287418594681
1.9 -1.3 0.227783101896 -0.356225997654
1.9 -1.2 0.305119779749 -0.429373553485
1.9 -1.1 0.398339078279 -0.503017902925
1.9 -1.0 0.507343100225 -0.572255427429
1.9 -0.9 0.630927601323 -0.631413784307
1.9 -0.8 0.766650365513 -0.674511117147
1.9 -0.7 0.910810043975 -0.695847197152
1.9 -0.6 1.05855688653 -0.690661206584
1.9 -0.5 1.20414024866 -0.655768873554
1.9 -0.4 1.34127830883 -0.590083027696
1.9 -0.3 1.46361644952 -0.494929892529
1.9 -0.2 1.56522580139 -0.374098633674
1.9 -0.1 1.64108546898 -0.233600111329
1.9 0.0 1.68749258441 -0.0811555405991
1.9 0.1 1.70235351973 0.0745217260337
1.9 0.2 1.68532560926 0.224556075132
1.9 0.3 1.63779863821 0.360740480258
1.9 0.4 1.56272564959 0.476261160009
1.9 0.5 1.46433004277 0.566229875581
1.9 0.6 1.34772807966 0.627971211082
1.9 0.7 1.21851159362 0.661051207879
1.9 0.8 1.082334979 0.66707089274
1.9 0.9 0.944544508356 0.649277398711
1.9 1.0 0.809878376784 0.61206270066
1.9 1.1 0.682254491712 0.560424386922
1.9 1.2 0.564651637122 0.49945576912
1.9 1.3 0.459079587079 0.433917161858
1.9 1.4 0.366625908289 0.367920328492
1.9 1.5 0.287562010542 0.304737788437
1.9 1.6 0.221488534801 0.246731049894
1.9 1.7 0.167500175098 0.195378869017
1.9 1.8 0.12435206515 0.151379140091
1.9 1.9 0.090613341563 0.114795752495
1.9 2.0 0.0647977799234 0.0852237361118
2.0 -2.0 0.0144441485546 -0.0374498401136
2.0 -1.9 0.0234166936922 -0.0543177771805
2.0 -1.8 0.0366470274369 -0.0766960923972
2.0 -1.7 0.0555428758995 -0.105448483873
2.0 -1.6 0.0817155783555 -0.141183514451
2.0 -1.5 0.116903283309 -0.184073241934
2.0 -1.4 0.162847655551 -0.233663349682
2.0 -1.3 0.221124740231 -0.288703284022
2.0 -1.2 0.292938553985 -0.34703125443
2.0 -1.1 0.378894873402 -0.405550134901
2.0 -1.0 0.478780995093 -0.460324410673
2.0 -0.9 0.591383063861 -0.50681463553
2.0 -0.8 0.71437409889 -0.540245424358
2.0 -0.7 0.84430183171 -0.556078725063
2.0 -0.6 0.976695614572 -0.550540475544
2.0 -0.5 1.10629689497 -0.521130948055
2.0 -0.4 1.22740020541 -0.467041811802
2.0 -0.3 1.33427426341 -0.389409142474
2.0 -0.2 1.42161884809 -0.291351496201
2.0 -0.1 1.48500538949 -0.177772916211
2.0 0.0 1.52124934544 -0.0549469166662
2.0 0.1 1.52867060522 0.0700678018629
2.0 0.2 1.50721295391 0.19010267891
2.0 0.3 1.45841241948 0.298555278411
2.0 0.4 1.3852238311 0.389977933816
2.0 0.5 1.29173193579 0.460507953942
2.0 0.6 1.18278545058 0.508095783127
2.0 0.7 1.06359809432 0.532519861321
2.0 0.8 0.939359822822 0.535207969275
2.0 0.9 0.814895151088 0.518909318465
2.0 1.0 0.694395299064 0.487276198669
2.0 1.1 0.581238960182 0.444417589532
2.0 1.2 0.477904688917 0.394480900306
2.0 1.3 0.385967766905 0.341304620834
2.0 1.4 0.306166925421 0.288167601968
2.0 1.5 0.238521893892 0.237643344214
2.0 1.6 0.182481332589 0.191552799065
2.0 1.7 0.137081846219 0.150998499595
2.0 1.8 0.101101792953 0.116456970185
2.0 1.9 0.0731977422572 0.0879050217117
2.0 2.0 0.0520159628797 0.0649577756016
