-2.0 -2.0 -0.00441364824905
-2.0 -1.9 -0.00599813277154
-2.0 -1.8 -0.00799723708228
-2.0 -1.7 -0.010464052494
-2.0 -1.6 -0.0134408614598
-2.0 -1.5 -0.0169530551789
-2.0 -1.4 -0.0210028053731
-2.0 -1.3 -0.0255629032611
-2.0 -1.2 -0.030571225694
-2.0 -1.1 -0.0359263433499
-2.0 -1.0 -0.0414848658787
-2.0 -0.9 -0.0470612228278
-2.0 -0.8 -0.0524306746501
-2.0 -0.7 -0.0573363678026
-2.0 -0.6 -0.0615011019185
-2.0 -0.5 -0.0646440816522
-2.0 -0.4 -0.0665022435413
-2.0 -0.3 -0.0668548249096
-2.0 -0.2 -0.065548825001
-2.0 -0.1 -0.062522133437
-2.0 0.0 -0.0578206404078
-2.0 0.1 -0.0516058295044
-2.0 0.2 -0.0441502985436
-2.0 0.3 -0.035820285892
-2.0 0.4 -0.0270463371195
-2.0 0.5 -0.0182853214479
-2.0 0.6 -0.00997864291552
-2.0 0.7 -0.00251230214897
-2.0 0.8 0.00381575633264
-2.0 0.9 0.00881679897886
-2.0 1.0 0.012418710114
-2.0 1.1 0.014659678345
-2.0 1.2 0.015670308039
-2.0 1.3 0.0156478534075
-2.0 1.4 0.0148270120944
-2.0 1.5 0.0134515974666
-2.0 1.6 0.0117505770987
-2.0 1.7 0.00992069008573
-2.0 1.8 0.00811645429681
-2.0 1.9 0.00644712936969
-2.0 2.0 0.00497930533222
-1.9 -2.0 -0.00678048283608
-1.9 -1.9 -0.00924551857989
-1.9 -1.8 -0.0123711581805
-1.9 -1.7 -0.0162490204538
-1.9 -1.6 -0.0209560668376
-1.9 -1.5 -0.0265447935614
-1.9 -1.4 -0.0330326738221
-1.9 -1.3 -0.0403914787353
-1.9 -1.2 -0.0485372412552
-1.9 -1.1 -0.0573217827317
-1.9 -1.0 -0.0665269102061
-1.9 -0.9 -0.0758625968997
-1.9 -0.8 -0.0849706149725
-1.9 -0.7 -0.0934350866476
-1.9 -0.6 -0.100801119032
-1.9 -0.5 -0.106601970787
-1.9 -0.4 -0.110394025876
-1.9 -0.3 -0.111797314346
-1.9 -0.2 -0.110537671583
-1.9 -0.1 -0.106485243467
-1.9 0.0 -0.0996833505178
-1.9 0.1 -0.0903620722185
-1.9 0.2 -0.0789324589882
-1.9 0.3 -0.0659598962702
-1.9 0.4 -0.0521184098861
-1.9 0.5 -0.0381309723368
-1.9 0.6 -0.0247034366306
-1.9 0.7 -0.0124609946346
-1.9 0.8 -0.00189571668651
-1.9 0.9 0.00666816810897
-1.9 1.0 0.0130876362567
-1.9 1.1 0.0173927997506
-1.9 1.2 0.0197606159482
-1.9 1.3 0.0204760173655
-1.9 1.4 0.0198872784257
-1.9 1.5 0.0183622944408
-1.9 1.6 0.0162512040836
-1.9 1.7 0.0138588528248
-1.9 1.8 0.011428454505
-1.9 1.9 0.00913589457755
-1.9 2.0 0.00709272920129
-1.8 -2.0 -0.0100477444797
-1.8 -1.9 -0.0137268376852
-1.8 -1.8 -0.0184049612466
-1.8 -1.7 -0.0242264343832
-1.8 -1.6 -0.0313155125088
-1.8 -1.5 -0.0397614590085
-1.8 -1.4 -0.0496021889893
-1.8 -1.3 -0.0608074118611
-1.8 -1.2 -0.0732624541453
-1.8 -1.1 -0.0867542347396
-1.8 -1.0 -0.100961199841
-1.8 -0.9 -0.115449365549
-1.8 -0.8 -0.129676856729
-1.8 -0.7 -0.143009298005
-1.8 -0.6 -0.15474790208
-1.8 -0.5 -0.164170944462
-1.8 -0.4 -0.170587469402
-1.8 -0.3 -0.1733996975
-1.8 -0.2 -0.172168089021
-1.8 -0.1 -0.166670932365
-1.8 0.0 -0.156949309609
-1.8 0.1 -0.14332885925
-1.8 0.2 -0.126412128744
-1.8 0.3 -0.107039280705
-1.8 0.4 -0.0862198429425
-1.8 0.5 -0.0650431099051
-1.8 0.6 -0.0445786531728
-1.8 0.7 -0.0257803021065
-1.8 0.8 -0.00940645087027
-1.8 0.9 0.00403327972904
-1.8 1.0 0.0142995349043
-1.8 1.1 0.0214126525402
-1.8 1.2 0.0256147178352
-1.8 1.3 0.027312569152
-1.8 1.4 0.0270118576863
-1.8 1.5 0.025252086736
-1.8 1.6 0.0225507415209
-1.8 1.7 0.019361775936
-1.8 1.8 0.0160505618538
-1.8 1.9 0.0128845704093
-1.8 2.0 0.0100369848033
-1.7 -2.0 -0.0144107080384
-1.7 -1.9 -0.0197042244071
-1.7 -1.8 -0.0264434997498
-1.7 -1.7 -0.0348410186765
-1.7 -1.6 -0.0450815547505
-1.7 -1.5 -0.0573005065448
-1.7 -1.4 -0.0715599820152
-1.7 -1.3 -0.087823957372
-1.7 -1.2 -0.105934236312
-1.7 -1.1 -0.125589391462
-1.7 -1.0 -0.146329386128
-1.7 -0.9 -0.167529087716
-1.7 -0.8 -0.188404234601
-1.7 -0.7 -0.208033353174
-1.7 -0.6 -0.225398347547
-1.7 -0.5 -0.239444766273
-1.7 -0.4 -0.249160037114
-1.7 -0.3 -0.253664491605
-1.7 -0.2 -0.25230634494
-1.7 -0.1 -0.244748785133
-1.7 0.0 -0.231035873447
-1.7 0.1 -0.211624806659
-1.7 0.2 -0.187375546555
-1.7 0.3 -0.159494577619
-1.7 0.4 -0.129436676253
-1.7 0.5 -0.0987756730921
-1.7 0.6 -0.0690607415691
-1.7 0.7 -0.0416774893406
-1.7 0.8 -0.0177324045911
-1.7 0.9 0.00202485681792
-1.7 1.0 0.0172333821754
-1.7 1.1 0.027906728109
-1.7 1.2 0.0343791497418
-1.7 1.3 0.0372242480663
-1.7 1.4 0.0371605253884
-1.7 1.5 0.0349581064402
-1.7 1.6 0.0313582983073
-1.7 1.7 0.0270135960889
-1.7 1.8 0.0224512149517
-1.7 1.9 0.0180591612421
-1.7 2.0 0.0140908795095
-1.6 -2.0 -0.0200541804356
-1.6 -1.9 -0.027421750304
-1.6 -1.8 -0.0368020472184
-1.6 -1.7 -0.0484911021531
-1.6 -1.6 -0.0627464475907
-1.6 -1.5 -0.0797569542227
-1.6 -1.4 -0.0996095218128
-1.6 -1.3 -0.122254469564
-1.6 -1.2 -0.14747202964
-1.6 -1.1 -0.174842984415
-1.6 -1.0 -0.203727208605
-1.6 -0.9 -0.23325459321
-1.6 -0.8 -0.262333316144
-1.6 -0.7 -0.289680332823
-1.6 -0.6 -0.313877879982
-1.6 -0.5 -0.333457391364
-1.6 -0.4 -0.347008443892
-1.6 -0.3 -0.353305521151
-1.6 -0.2 -0.351440290037
-1.6 -0.1 -0.3409428942
-1.6 0.0 -0.321873747784
-1.6 0.1 -0.294868495855
-1.6 0.2 -0.261123618928
-1.6 0.3 -0.222318172137
-1.6 0.4 -0.180477064702
-1.6 0.5 -0.137791166088
-1.6 0.6 -0.0964172527868
-1.6 0.7 -0.0582846282482
-1.6 0.8 -0.0249342401736
-1.6 0.9 0.00258953969196
-1.6 1.0 0.0237833891085
-1.6 1.1 0.0386652257517
-1.6 1.2 0.0476994183579
-1.6 1.3 0.0516835987225
-1.6 1.4 0.051617238896
-1.6 1.5 0.0485718360158
-1.6 1.6 0.0435789517573
-1.6 1.7 0.0375466955839
-1.6 1.8 0.0312089425818
-1.6 1.9 0.025105915557
-1.6 2.0 0.0195906194541
-1.5 -2.0 -0.0271323398393
-1.5 -1.9 -0.0370772877252
-1.5 -1.8 -0.0497277259828
-1.5 -1.7 -0.0654766698467
-1.5 -1.6 -0.0846635953326
-1.5 -1.5 -0.107533975591
-1.5 -1.4 -0.134194838771
-1.5 -1.3 -0.164568848354
-1.5 -1.2 -0.198350115022
-1.5 -1.1 -0.234965757873
-1.5 -1.0 -0.273548158832
-1.5 -0.9 -0.312923789129
-1.5 -0.8 -0.351625139572
-1.5 -0.7 -0.387932187099
-1.5 -0.6 -0.419948425976
-1.5 -0.5 -0.445713334028
-1.5 -0.4 -0.463348123169
-1.5 -0.3 -0.47122517346
-1.5 -0.2 -0.468144726504
-1.5 -0.1 -0.453496771696
-1.5 0.0 -0.427383315676
-1.5 0.1 -0.390677779873
-1.5 0.2 -0.34500470889
-1.5 0.3 -0.29263373218
-1.5 0.4 -0.23629505849
-1.5 0.5 -0.1789370885
-1.5 0.6 -0.123457145524
-1.5 0.7 -0.0724414721794
-1.5 0.8 -0.0279492773223
-1.5 0.9 0.00863202469
-1.5 1.0 0.0366455038218
-1.5 1.1 0.056136697941
-1.5 1.2 0.0677515387409
-1.5 1.3 0.0725826822513
-1.5 1.4 0.0719915247082
-1.5 1.5 0.0674327198868
-1.5 1.6 0.0603031244085
-1.5 1.7 0.0518294243526
-1.5 1.8 0.0430001655476
-1.5 1.9 0.0345402510963
-1.5 2.0 0.0269203759751
-1.4 -2.0 -0.0357470022932
-1.4 -1.9 -0.0487928208913
-1.4 -1.8 -0.0653597036007
-1.4 -1.7 -0.0859469742752
-1.4 -1.6 -0.110979840328
-1.4 -1.5 -0.140756933577
-1.4 -1.4 -0.175393293431
-1.4 -1.3 -0.214762097986
-1.4 -1.2 -0.258439265246
-1.4 -1.1 -0.305655981584
-1.4 -1.0 -0.355265314244
-1.4 -0.9 -0.405730214505
-1.4 -0.8 -0.45514105994
-1.4 -0.7 -0.501270814616
-1.4 -0.6 -0.541674176493
-1.4 -0.5 -0.57383312232
-1.4 -0.4 -0.595344874254
-1.4 -0.3 -0.604140029047
-1.4 -0.2 -0.59870975951
-1.4 -0.1 -0.578313637038
-1.4 0.0 -0.543135985229
-1.4 0.1 -0.494360609597
-1.4 0.2 -0.434142055095
-1.4 0.3 -0.365465517795
-1.4 0.4 -0.291904917377
-1.4 0.5 -0.217306014644
-1.4 0.6 -0.145435079336
-1.4 0.7 -0.0796403509803
-1.4 0.8 -0.0225717404193
-1.4 0.9 0.0240058140167
-1.4 1.0 0.0592860231373
-1.4 1.1 0.0833813421981
-1.4 1.2 0.0971862994515
-1.4 1.3 0.102173726342
-1.4 1.4 0.100159830379
-1.4 1.5 0.0930733677483
-1.4 1.6 0.0827576687834
-1.4 1.7 0.0708241145256
-1.4 1.8 0.0585643995472
-1.4 1.9 0.0469188266145
-1.4 2.0 0.0364905329235
-1.3 -2.0 -0.0459269786573
-1.3 -1.9 -0.0625871002018
-1.3 -1.8 -0.0836937477533
-1.3 -1.7 -0.109855576575
-1.3 -1.6 -0.141579653664
-1.3 -1.5 -0.179205574771
-1.3 -1.4 -0.222834942585
-1.3 -1.3 -0.272260471785
-1.3 -1.2 -0.326899828957
-1.3 -1.1 -0.385740284205
-1.3 -1.0 -0.44730144999
-1.3 -0.9 -0.509624713956
-1.3 -0.8 -0.570299021565
-1.3 -0.7 -0.626532683575
-1.3 -0.6 -0.67527893677
-1.3 -0.5 -0.713418258671
-1.3 -0.4 -0.737992640093
-1.3 -0.3 -0.746476758884
-1.3 -0.2 -0.73705993445
-1.3 -0.1 -0.708903415087
-1.3 0.0 -0.662332831373
-1.3 0.1 -0.598927933607
-1.3 0.2 -0.521482091926
-1.3 0.3 -0.433821633848
-1.3 0.4 -0.340497083652
-1.3 0.5 -0.246380421894
-1.3 0.6 -0.156219805504
-1.3 0.7 -0.0742117648655
-1.3 0.8 -0.00364859051586
-1.3 0.9 0.0533142066062
-1.3 1.0 0.0957460649839
-1.3 1.1 0.123884779957
-1.3 1.2 0.138957018568
-1.3 1.3 0.142914191248
-1.3 1.4 0.138129853895
-1.3 1.5 0.127103807468
-1.3 1.6 0.112209596045
-1.3 1.7 0.0955089766566
-1.3 1.8 0.0786424219596
-1.3 1.9 0.062791755552
-1.3 2.0 0.0487016244852
-1.2 -2.0 -0.0576114138507
-1.2 -1.9 -0.0783547423138
-1.2 -1.8 -0.104556856381
-1.2 -1.7 -0.136930643104
-1.2 -1.6 -0.176051752562
-1.2 -1.5 -0.222278287379
-1.2 -1.4 -0.275666547199
-1.2 -1.3 -0.335888208073
-1.2 -1.2 -0.40215505442
-1.2 -1.1 -0.473158238987
-1.2 -1.0 -0.547030219861
-1.2 -0.9 -0.621338968715
-1.2 -0.8 -0.693125310299
-1.2 -0.7 -0.758994444691
-1.2 -0.6 -0.815270646598
-1.2 -0.5 -0.858218758044
-1.2 -0.4 -0.884326938468
-1.2 -0.3 -0.890632853237
-1.2 -0.2 -0.875062037916
-1.2 -0.1 -0.836735674659
-1.2 0.0 -0.776199030218
-1.2 0.1 -0.695524361227
-1.2 0.2 -0.598254608841
-1.2 0.3 -0.489175726034
-1.2 0.4 -0.373932540978
-1.2 0.5 -0.258530305067
-1.2 0.6 -0.148785529288
-1.2 0.7 -0.0498003468997
-1.2 0.8 0.0344682455456
-1.2 0.9 0.101488913331
-1.2 1.0 0.150256591835
-1.2 1.1 0.181213296379
-1.2 1.2 0.196016978341
-1.2 1.3 0.197206611627
-1.2 1.4 0.18782142601
-1.2 1.5 0.171030744787
-1.2 1.6 0.149820094546
-1.2 1.7 0.126762662932
-1.2 1.8 0.103886911578
-1.2 1.9 0.0826348951892
-1.2 2.0 0.06389411773
-1.1 -2.0 -0.0706396489738
-1.1 -1.9 -0.0958552115378
-1.1 -1.8 -0.127596519148
-1.1 -1.7 -0.166666424713
-1.1 -1.6 -0.213685711054
-1.1 -1.5 -0.268997904187
-1.1 -1.4 -0.33257188712
-1.1 -1.3 -0.403908951468
-1.1 -1.2 -0.481961380134
-1.1 -1.1 -0.565070202469
-1.1 -1.0 -0.650930738096
-1.1 -0.9 -0.73659600095
-1.1 -0.8 -0.818529516679
-1.1 -0.7 -0.892719576988
-1.1 -0.6 -0.954864973464
-1.1 -0.5 -1.00063643693
-1.1 -0.4 -1.02600767059
-1.1 -0.3 -1.02763563199
-1.1 -0.2 -1.00325384717
-1.1 -0.1 -0.95202871928
-1.1 0.0 -0.874821358663
-1.1 0.1 -0.774300158792
-1.1 0.2 -0.654864014183
-1.1 0.3 -0.522361687708
-1.1 0.4 -0.383625276837
-1.1 0.5 -0.245868544056
-1.1 0.6 -0.116026798201
-1.1 0.7 -0.000127878466837
-1.1 0.8 0.0972197399317
-1.1 0.9 0.173155178569
-1.1 1.0 0.226674450028
-1.1 1.1 0.25852181844
-1.1 1.2 0.270897946238
-1.1 1.3 0.2670441939
-1.1 1.4 0.250774080563
-1.1 1.5 0.226020847603
-1.1 1.6 0.196456598953
-1.1 1.7 0.165217972883
-1.1 1.8 0.134750809275
-1.1 1.9 0.106766347822
-1.1 2.0 0.0822872142801
-1.0 -2.0 -0.0847492235598
-1.0 -1.9 -0.114713614453
-1.0 -1.8 -0.152286805023
-1.0 -1.7 -0.198338257379
-1.0 -1.6 -0.25350083962
-1.0 -1.5 -0.318060949423
-1.0 -1.4 -0.391849469768
-1.0 -1.3 -0.474141573418
-1.0 -1.2 -0.563573349468
-1.0 -1.1 -0.65808322038
-1.0 -1.0 -0.754886676366
-1.0 -0.9 -0.85049418355
-1.0 -0.8 -0.940783807107
-1.0 -0.7 -1.02114096498
-1.0 -0.6 -1.08667606354
-1.0 -0.5 -1.13252481151
-1.0 -0.4 -1.15422476939
-1.0 -0.3 -1.14814570436
-1.0 -0.2 -1.11193308397
-1.0 -0.1 -1.04490783049
-1.0 0.0 -0.948356411396
-1.0 0.1 -0.825648004791
-1.0 0.2 -0.682132190712
-1.0 0.3 -0.524800325027
-1.0 0.4 -0.36173170412
-1.0 0.5 -0.201384221713
-1.0 0.6 -0.0518198108669
-1.0 0.7 0.0800298299821
-1.0 0.8 0.188955959196
-1.0 0.9 0.271845886643
-1.0 1.0 0.327795589527
-1.0 1.1 0.357964186171
-1.0 1.2 0.365212683711
-1.0 1.3 0.353598601281
-1.0 1.4 0.327811651926
-1.0 1.5 0.292632823927
-1.0 1.6 0.252482729695
-1.0 1.7 0.211100242376
-1.0 1.8 0.171365338141
-1.0 1.9 0.135256157804
-1.0 2.0 0.103913292415
-0.9 -2.0 -0.0995823264391
-0.9 -1.9 -0.134433205429
-0.9 -1.8 -0.17795039233
-0.9 -1.7 -0.231038882513
-0.9 -1.6 -0.294303077422
-0.9 -1.5 -0.367923055622
-0.9 -1.4 -0.451536139971
-0.9 -1.3 -0.544133247378
-0.9 -1.2 -0.643978722151
-0.9 -1.1 -0.748561523901
-0.9 -1.0 -0.85458553697
-0.9 -0.9 -0.958007812394
-0.9 -0.8 -1.05413541766
-0.9 -0.7 -1.13779298274
-0.9 -0.6 -1.20357196153
-0.9 -0.5 -1.24616690418
-0.9 -0.4 -1.26079227643
-0.9 -0.3 -1.24365593218
-0.9 -0.2 -1.19244491864
-0.9 -0.1 -1.10676070461
-0.9 0.0 -0.988430137341
-0.9 0.1 -0.841620848596
-0.9 0.2 -0.672708361394
-0.9 0.3 -0.489875783021
-0.9 0.4 -0.302470356103
-0.9 0.5 -0.120185520603
-0.9 0.6 0.047827545649
-0.9 0.7 0.193797358026
-0.9 0.8 0.312001940194
-0.9 0.9 0.399181465922
-0.9 1.0 0.454647557452
-0.9 1.1 0.480093393671
-0.9 1.2 0.479155414781
-0.9 1.3 0.456811225842
-0.9 1.4 0.418713781888
-0.9 1.5 0.370558144093
-0.9 1.6 0.317557350193
-0.9 1.7 0.264074458582
-0.9 1.8 0.213425831571
-0.9 1.9 0.167842641098
-0.9 2.0 0.128557745096
-0.8 -2.0 -0.114699645873
-0.8 -1.9 -0.154417464182
-0.8 -1.8 -0.203792668306
-0.8 -1.7 -0.263729590345
-0.8 -1.6 -0.334759600172
-0.8 -1.5 -0.416904958905
-0.8 -1.4 -0.509553883339
-0.8 -1.3 -0.611357826837
-0.8 -1.2 -0.720160208219
-0.8 -1.1 -0.832963888546
-0.8 -1.0 -0.945943676232
-0.8 -0.9 -1.05451073013
-0.8 -0.8 -1.15343774093
-0.8 -0.7 -1.23705585547
-0.8 -0.6 -1.29953412594
-0.8 -0.5 -1.33524718007
-0.8 -0.4 -1.33922497755
-0.8 -0.3 -1.30766004461
-0.8 -0.2 -1.23842523784
-0.8 -0.1 -1.13153422113
-0.8 0.0 -0.989464233717
-0.8 0.1 -0.817262663519
-0.8 0.2 -0.622378975121
-0.8 0.3 -0.414200776983
-0.8 0.4 -0.203321356263
-0.8 0.5 -0.000615983629128
-0.8 0.6 0.183755780865
-0.8 0.7 0.34128463541
-0.8 0.8 0.465851496909
-0.8 0.9 0.554172305622
-0.8 1.0 0.605896662096
-0.8 1.1 0.62336674585
-0.8 1.2 0.611096132969
-0.8 1.3 0.575066513173
-0.8 1.4 0.521957570901
-0.8 1.5 0.458420389726
-0.8 1.6 0.390481533011
-0.8 1.7 0.323130654808
-0.8 1.8 0.260107468576
-0.8 1.9 0.203871563144
-0.8 2.0 0.155715887698
-0.7 -2.0 -0.129599558065
-0.7 -1.9 -0.173998176311
-0.7 -1.8 -0.228942038837
-0.7 -1.7 -0.295296979659
-0.7 -1.6 -0.373477213641
-0.7 -1.5 -0.463298695993
-0.7 -1.4 -0.563850923546
-0.7 -1.3 -0.673399702178
-0.7 -1.2 -0.789330418174
-0.7 -1.1 -0.908138066419
-0.7 -1.0 -1.02546811997
-0.7 -0.9 -1.13621229834
-0.7 -0.8 -1.23466540937
-0.7 -0.7 -1.31475231039
-0.7 -0.6 -1.37033501332
-0.7 -0.5 -1.39560591429
-0.7 -0.4 -1.3855616961
-0.7 -0.3 -1.33653339083
-0.7 -0.2 -1.24672418628
-0.7 -0.1 -1.1166835976
-0.7 0.0 -0.949632173625
-0.7 0.1 -0.75155214045
-0.7 0.2 -0.530980543147
-0.7 0.3 -0.298481819216
-0.7 0.4 -0.0658299724496
-0.7 0.5 0.155014311153
-0.7 0.6 0.353001992296
-0.7 0.7 0.519017718602
-0.7 0.8 0.646680276032
-0.7 0.9 0.732810738289
-0.7 1.0 0.777513124346
-0.7 1.1 0.783876733358
-0.7 1.2 0.757368784868
-0.7 1.3 0.705028722451
-0.7 1.4 0.634594405758
-0.7 1.5 0.553684267574
-0.7 1.6 0.469132769126
-0.7 1.7 0.386537348856
-0.7 1.8 0.310033025398
-0.7 1.9 0.242274284431
-0.7 2.0 0.184578468603
-0.6 -2.0 -0.143740249153
-0.6 -1.9 -0.192465609082
-0.6 -1.8 -0.252490322019
-0.6 -1.7 -0.324606035705
-0.6 -1.6 -0.409070838067
-0.6 -1.5 -0.505454393464
-0.6 -1.4 -0.612509776996
-0.6 -1.3 -0.728085994222
-0.6 -1.2 -0.849090799128
-0.6 -1.1 -0.971508588053
-0.6 -1.0 -1.09047464304
-0.6 -0.9 -1.20040621873
-0.6 -0.8 -1.29519314853
-0.6 -0.7 -1.36845438762
-0.6 -0.6 -1.41386927789
-0.6 -0.5 -1.42558967519
-0.6 -0.4 -1.39872849321
-0.6 -0.3 -1.32990103584
-0.6 -0.2 -1.21777042763
-0.6 -0.1 -1.06352364888
-0.6 0.0 -0.871188428365
-0.6 0.1 -0.647701581839
-0.6 0.2 -0.402661251654
-0.6 0.3 -0.147738442731
-0.6 0.4 0.104219452059
-0.6 0.5 0.340300649301
-0.6 0.6 0.548715818144
-0.6 0.7 0.719894969881
-0.6 0.8 0.84733671685
-0.6 0.9 0.928090264466
-0.6 1.0 0.962811572586
-0.6 1.1 0.955405890938
-0.6 1.2 0.912334153761
-0.6 1.3 0.841707420128
-0.6 1.4 0.752313779877
-0.6 1.5 0.652714670804
-0.6 1.6 0.550517326381
-0.6 1.7 0.451886250333
-0.6 1.8 0.361309779037
-0.6 1.9 0.281597284406
-0.6 2.0 0.214054605034
-0.5 -2.0 -0.156562804962
-0.5 -1.9 -0.209097788466
-0.5 -1.8 -0.273528771544
-0.5 -1.7 -0.350543051928
-0.5 -1.6 -0.440212883874
-0.5 -1.5 -0.541834867416
-0.5 -1.4 -0.653804895088
-0.5 -1.3 -0.773543991258
-0.5 -1.2 -0.89748451275
-0.5 -1.1 -1.02111967636
-0.5 -1.0 -1.13911442184
-0.5 -0.9 -1.24547399256
-0.5 -0.8 -1.33376881936
-0.5 -0.7 -1.39741894717
-0.5 -0.6 -1.43004515232
-0.5 -0.5 -1.42589292792
-0.5 -0.4 -1.38032615526
-0.5 -0.3 -1.29036841814
-0.5 -0.2 -1.15524412198
-0.5 -0.1 -0.976845254055
-0.5 0.0 -0.760031684199
-0.5 0.1 -0.512672199401
-0.5 0.2 -0.245355623809
-0.5 0.3 0.0292537602655
-0.5 0.4 0.297381677086
-0.5 0.5 0.545331716148
-0.5 0.6 0.760745551791
-0.5 0.7 0.933759644066
-0.5 0.8 1.05789028467
-0.5 0.9 1.13051995469
-0.5 1.0 1.15292395305
-0.5 1.1 1.12985270019
-0.5 1.2 1.06875553492
-0.5 1.3 0.978781972331
-0.5 1.4 0.869717711496
-0.5 1.5 0.75100386091
-0.5 1.6 0.630954340771
-0.5 1.7 0.516238258857
-0.5 1.8 0.41164282091
-0.5 1.9 0.320088223554
-0.5 2.0 0.24283574449
-0.4 -2.0 -0.167514358399
-0.4 -1.9 -0.223187771541
-0.4 -1.8 -0.291178443077
-0.4 -1.7 -0.372046974124
-0.4 -1.6 -0.465662051565
-0.4 -1.5 -0.571036661361
-0.4 -1.4 -0.686208817037
-0.4 -1.3 -0.808183311135
-0.4 -1.2 -0.932943620002
-0.4 -1.1 -1.05553489929
-0.4 -1.0 -1.17021256462
-0.4 -0.9 -1.27064843542
-0.4 -0.8 -1.35018860428
-0.4 -0.7 -1.4021627518
-0.4 -0.6 -1.42025013705
-0.4 -0.5 -1.39890836226
-0.4 -0.4 -1.3338631662
-0.4 -0.3 -1.22263934934
-0.4 -0.2 -1.06508683668
-0.4 -0.1 -0.863828405713
-0.4 0.0 -0.624536182933
-0.4 0.1 -0.355942186122
-0.4 0.2 -0.0695102409363
-0.4 0.3 0.221257302471
-0.4 0.4 0.501841599522
-0.4 0.5 0.757954950681
-0.4 0.6 0.97685671237
-0.4 0.7 1.14855291345
-0.4 0.8 1.26670328274
-0.4 0.9 1.32910303989
-0.4 1.0 1.33767688244
-0.4 1.1 1.29800376009
-0.4 1.2 1.21846567575
-0.4 1.3 1.10916669489
-0.4 1.4 0.98079043973
-0.4 1.5 0.843554228152
-0.4 1.6 0.70638157919
-0.4 1.7 0.576362845733
-0.4 1.8 0.458518693312
-0.4 1.9 0.355833954108
-0.4 2.0 0.26949726336
-0.3 -2.0 -0.176071628186
-0.3 -1.9 -0.234069986858
-0.3 -1.8 -0.304617220678
-0.3 -1.7 -0.388133439979
-0.3 -1.6 -0.484278739923
-0.3 -1.5 -0.591788845469
-0.3 -1.4 -0.708363806992
-0.3 -1.3 -0.830627194371
-0.3 -1.2 -0.954164418028
-0.3 -1.1 -1.07363899866
-0.3 -1.0 -1.18297773311
-0.3 -0.9 -1.27561230744
-0.3 -0.8 -1.34476703685
-0.3 -0.7 -1.38378881297
-0.3 -0.6 -1.3865224157
-0.3 -0.5 -1.34773710615
-0.3 -0.4 -1.26360427053
-0.3 -0.3 -1.13220877157
-0.3 -0.2 -0.954050685695
-0.3 -0.1 -0.7324658899
-0.3 0.0 -0.473873319563
-0.3 0.1 -0.187753764242
-0.3 0.2 0.113713358304
-0.3 0.3 0.416382200389
-0.3 0.4 0.705204109071
-0.3 0.5 0.965516442827
-0.3 0.6 1.18439429164
-0.3 0.7 1.35187460607
-0.3 0.8 1.46187092144
-0.3 0.9 1.51264241906
-0.3 1.0 1.50675421655
-0.3 1.1 1.45055046842
-0.3 1.2 1.35323965289
-0.3 1.3 1.22574637342
-0.3 1.4 1.07950653404
-0.3 1.5 0.925371456661
-0.3 1.6 0.772747642848
-0.3 1.7 0.629043851
-0.3 1.8 0.499439091562
-0.3 1.9 0.386935551024
-0.3 2.0 0.292626911454
-0.2 -2.0 -0.181766052328
-0.2 -1.9 -0.241148291922
-0.2 -1.8 -0.313108487718
-0.2 -1.7 -0.397920067962
-0.2 -1.6 -0.495040826156
-0.2 -1.5 -0.602950640524
-0.2 -1.4 -0.719049893364
-0.2 -1.3 -0.839636694058
-0.2 -1.2 -0.959970895683
-0.2 -1.1 -1.07442163871
-0.2 -1.0 -1.17668598171
-0.2 -0.9 -1.26006196088
-0.2 -0.8 -1.31776145884
-0.2 -0.7 -1.3432554013
-0.2 -0.6 -1.33065232339
-0.2 -0.5 -1.27511594551
-0.2 -0.4 -1.17332304224
-0.2 -0.3 -1.023947082
-0.2 -0.2 -0.828127674343
-0.2 -0.1 -0.589857366133
-0.2 0.0 -0.316195804425
-0.2 0.1 -0.0172172525835
-0.2 0.2 0.294381802863
-0.2 0.3 0.60404184693
-0.2 0.4 0.896428301545
-0.2 0.5 1.15674064912
-0.2 0.6 1.37207810223
-0.2 0.7 1.53266848055
-0.2 0.8 1.6327759047
-0.2 0.9 1.67114964243
-0.2 1.0 1.65095147396
-0.2 1.1 1.57918578981
-0.2 1.2 1.46573631173
-0.2 1.3 1.32216940111
-0.2 1.4 1.16048652023
-0.2 1.5 0.991996133674
-0.2 1.6 0.826434677433
-0.2 1.7 0.671409017934
-0.2 1.8 0.532172673198
-0.2 1.9 0.411696880743
-0.2 2.0 0.310963175309
-0.1 -2.0 -0.184211722192
-0.1 -1.9 -0.243928582692
-0.1 -1.8 -0.316036935774
-0.1 -1.7 -0.400662581485
-0.1 -1.6 -0.497075406865
-0.1 -1.5 -0.603531898676
-0.1 -1.4 -0.717184774457
-0.1 -1.3 -0.834078165768
-0.1 -1.2 -0.949235584829
-0.1 -1.1 -1.05683542854
-0.1 -1.0 -1.15045849077
-0.1 -0.9 -1.22338700672
-0.1 -0.8 -1.26893666957
-0.1 -0.7 -1.28081079412
-0.1 -0.6 -1.25347558981
-0.1 -0.5 -1.18256181715
-0.1 -0.4 -1.06529556392
-0.1 -0.3 -0.900946617138
-0.1 -0.2 -0.691258422785
-0.1 -0.1 -0.440795343386
-0.1 0.0 -0.157120908616
-0.1 0.1 0.149284257945
-0.1 0.2 0.465436557408
-0.1 0.3 0.7766219559
-0.1 0.4 1.06748909244
-0.1 0.5 1.32335583671
-0.1 0.6 1.53156523132
-0.1 0.7 1.68269800924
-0.1 0.8 1.77145793428
-0.1 0.9 1.79709327988
-0.1 1.0 1.7632933458
-0.1 1.1 1.67758637751
-0.1 1.2 1.5503454051
-0.1 1.3 1.39356472653
-0.1 1.4 1.21959204466
-0.1 1.5 1.03998823621
-0.1 1.6 0.864645017318
-0.1 1.7 0.701232423365
-0.1 1.8 0.554986868958
-0.1 1.9 0.42879868545
-0.1 2.0 0.323523344438
0.0 -2.0 -0.183136241685
0.0 -1.9 -0.242057220575
0.0 -1.8 -0.312954769346
0.0 -1.7 -0.395808228598
0.0 -1.6 -0.489717800234
0.0 -1.5 -0.592754699013
0.0 -1.4 -0.701883425607
0.0 -1.3 -0.812974570761
0.0 -1.2 -0.920914505222
0.0 -1.1 -1.01980487592
0.0 -1.0 -1.10323365613
0.0 -0.9 -1.16459393157
0.0 -0.8 -1.19742836576
0.0 -0.7 -1.19578545881
0.0 -0.6 -1.15458455201
0.0 -0.5 -1.06999439586
0.0 -0.4 -0.939829384851
0.0 -0.3 -0.763955077768
0.0 -0.2 -0.544671533055
0.0 -0.1 -0.287015446804
0.0 0.0 0.0011
0.0 0.1 0.308994553113
0.0 0.2 0.623648424954
0.0 0.3 0.930473339725
0.0 0.4 1.21439011366
0.0 0.5 1.46110814912
0.0 0.6 1.6584463947
0.0 0.7 1.79750710318
0.0 0.8 1.87352271187
0.0 0.9 1.88624268659
0.0 1.0 1.83980187324
0.0 1.1 1.74209832616
0.0 1.2 1.6037876913
0.0 1.3 1.43705650481
0.0 1.4 1.25435832414
0.0 1.5 1.06728308784
0.0 1.6 0.885688141733
0.0 1.7 0.71716100516
0.0 1.8 0.566822970157
0.0 1.9 0.437431069014
0.0 2.0 0.3297016472
0.1 -2.0 -0.178412662395
0.1 -1.9 -0.23536348275
0.1 -1.8 -0.303636944109
0.1 -1.7 -0.383066155711
0.1 -1.6 -0.472599339438
0.1 -1.5 -0.570160613652
0.1 -1.4 -0.67258647184
0.1 -1.3 -0.775655974776
0.1 -1.2 -0.874220006697
0.1 -1.1 -0.962420821156
0.1 -1.0 -1.03398126111
0.1 -0.9 -1.08253696361
0.1 -0.8 -1.10198643016
0.1 -0.7 -1.08684228914
0.1 -0.6 -1.03257875087
0.1 -0.5 -0.935979520007
0.1 -0.4 -0.795491555569
0.1 -0.3 -0.611579610851
0.1 -0.2 -0.387055252829
0.1 -0.1 -0.127327807663
0.1 0.0 0.159497028217
0.1 0.1 0.462751793668
0.1 0.2 0.769639727364
0.1 0.3 1.06598896219
0.1 0.4 1.33729310079
0.1 0.5 1.56993813385
0.1 0.6 1.75246207026
0.1 0.7 1.87666651422
0.1 0.8 1.93840817369
0.1 0.9 1.93794332299
0.1 1.0 1.87977057547
0.1 1.1 1.77200098489
0.1 1.2 1.62536098323
0.1 1.3 1.45198691752
0.1 1.4 1.26419034728
0.1 1.5 1.07335952124
0.1 1.6 0.889121084744
0.1 1.7 0.718828849139
0.1 1.8 0.567386860622
0.1 1.9 0.437363785392
0.1 2.0 0.329322404235
0.2 -2.0 -0.170088369633
0.2 -1.9 -0.223900578865
0.2 -1.8 -0.288138376501
0.2 -1.7 -0.362485793449
0.2 -1.6 -0.445752879653
0.2 -1.5 -0.535750216438
0.2 -1.4 -0.629241399409
0.2 -1.3 -0.721990759602
0.2 -1.2 -0.808910525672
0.2 -1.1 -0.884297055509
0.2 -1.0 -0.942133454761
0.2 -0.9 -0.976429412037
0.2 -0.8 -0.981570422708
0.2 -0.7 -0.952657143424
0.2 -0.6 -0.885827940836
0.2 -0.5 -0.778568242065
0.2 -0.4 -0.630013314494
0.2 -0.3 -0.441242954038
0.2 -0.2 -0.215547666881
0.2 -0.1 0.0413784799658
0.2 0.0 0.321384067396
0.2 0.1 0.614018593515
0.2 0.2 0.906961810325
0.2 0.3 1.18674597489
0.2 0.4 1.43973802929
0.2 0.5 1.65328835256
0.2 0.6 1.81690248478
0.2 0.7 1.92326673842
0.2 0.8 1.96896694083
0.2 0.9 1.95478219127
0.2 1.0 1.88550400091
0.2 1.1 1.76931037301
0.2 1.2 1.61679668175
0.2 1.3 1.43981533557
0.2 1.4 1.25029501418
0.2 1.5 1.05919655776
0.2 1.6 0.875722623936
0.2 1.7 0.706843292447
0.2 1.8 0.557142784415
0.2 1.9 0.4289445938
0.2 2.0 0.322640858004
0.3 -2.0 -0.158405041088
0.3 -1.9 -0.207976777021
0.3 -1.8 -0.26684117759
0.3 -1.7 -0.334526683118
0.3 -1.6 -0.409713449659
0.3 -1.5 -0.490124656081
0.3 -1.4 -0.572496989745
0.3 -1.3 -0.652646493744
0.3 -1.2 -0.725632674743
0.3 -1.1 -0.786008944289
0.3 -1.0 -0.828134845649
0.3 -0.9 -0.846518688546
0.3 -0.8 -0.836160288706
0.3 -0.7 -0.792872076893
0.3 -0.6 -0.71356966448
0.3 -0.5 -0.596534707507
0.3 -0.4 -0.44165792408
0.3 -0.3 -0.250664590445
0.3 -0.2 -0.0273087679016
0.3 -0.1 0.222499521095
0.3 0.0 0.490689653372
0.3 0.1 0.767211646753
0.3 0.2 1.0404552761
0.3 0.3 1.29792638151
0.3 0.4 1.52715045552
0.3 0.5 1.71671884147
0.3 0.6 1.85734704286
0.3 0.7 1.94279134215
0.3 0.8 1.97047766958
0.3 0.9 1.94173603796
0.3 1.0 1.861597104
0.3 1.1 1.73818052279
0.3 1.2 1.58177139618
0.3 1.3 1.40372707405
0.3 1.4 1.21537335128
0.3 1.5 1.02703564605
0.3 1.6 0.847312933112
0.3 1.7 0.682650607861
0.3 1.8 0.53721513465
0.3 1.9 0.413028760861
0.3 2.0 0.310293498552
0.4 -2.0 -0.143803356407
0.4 -1.9 -0.188167076995
0.4 -1.8 -0.240477771353
0.4 -1.7 -0.300099296189
0.4 -1.6 -0.36558512464
0.4 -1.5 -0.434589265847
0.4 -1.4 -0.503856767003
0.4 -1.3 -0.569308608072
0.4 -1.2 -0.626222429864
0.4 -1.1 -0.669495606334
0.4 -1.0 -0.69396435862
0.4 -0.9 -0.694745483932
0.4 -0.8 -0.667568041989
0.4 -0.7 -0.609070807747
0.4 -0.6 -0.51705452057
0.4 -0.5 -0.390690902255
0.4 -0.4 -0.230697549078
0.4 -0.3 -0.0394851997017
0.4 -0.2 0.178728923397
0.4 -0.1 0.41786718366
0.4 0.0 0.670040661264
0.4 0.1 0.925753403251
0.4 0.2 1.17430551914
0.4 0.3 1.40441145211
0.4 0.4 1.60500721664
0.4 0.5 1.76617241069
0.4 0.6 1.88005232885
0.4 0.7 1.94164485751
0.4 0.8 1.94932384503
0.4 0.9 1.90500599138
0.4 1.0 1.81392508844
0.4 1.1 1.68404305304
0.4 1.2 1.52518686589
0.4 1.3 1.34804139796
0.4 1.4 1.16314248976
0.4 1.5 0.980001623666
0.4 1.6 0.806458506114
0.4 1.7 0.648310523668
0.4 1.8 0.509219365036
0.4 1.9 0.390854648654
0.4 2.0 0.293208265352
0.5 -2.0 -0.126907462665
0.5 -1.9 -0.165297417458
0.5 -1.8 -0.2101174583
0.5 -1.7 -0.26055811509
0.5 -1.6 -0.31504670469
0.5 -1.5 -0.371180155277
0.5 -1.4 -0.425737246824
0.5 -1.3 -0.474783479671
0.5 -1.2 -0.513868422368
0.5 -1.1 -0.538300461196
0.5 -1.0 -0.543470949164
0.5 -0.9 -0.525192362879
0.5 -0.8 -0.480015509392
0.5 -0.7 -0.405499116801
0.5 -0.6 -0.300418695511
0.5 -0.5 -0.164915686376
0.5 -0.4 -0.000597285225123
0.5 -0.3 0.189402082887
0.5 -0.2 0.400395835011
0.5 -0.1 0.626170992831
0.5 0.0 0.859095143806
0.5 0.1 1.09034404748
0.5 0.2 1.31028433319
0.5 0.3 1.50902426129
0.5 0.4 1.67711054712
0.5 0.5 1.80630895769
0.5 0.6 1.8903720086
0.5 0.7 1.92567947443
0.5 0.8 1.91164359464
0.5 0.9 1.85080158436
0.5 1.0 1.74856742572
0.5 1.1 1.61267191535
0.5 1.2 1.4523716253
0.5 1.3 1.27754248392
0.5 1.4 1.09778535976
0.5 1.5 0.921658573049
0.5 1.6 0.756120519955
0.5 1.7 0.606223195695
0.5 1.8 0.475054134154
0.5 1.9 0.363888594562
0.5 2.0 0.272491086787
0.6 -2.0 -0.108487233306
0.6 -1.9 -0.140397581749
0.6 -1.8 -0.177109636531
0.6 -1.7 -0.217635751139
0.6 -1.6 -0.260278581543
0.6 -1.5 -0.302587294131
0.6 -1.4 -0.341392609031
0.6 -1.3 -0.372932142204
0.6 -1.2 -0.393064226302
0.6 -1.1 -0.397553538966
0.6 -1.0 -0.382398891583
0.6 -0.9 -0.344165901169
0.6 -0.8 -0.280287346229
0.6 -0.7 -0.18930207336
0.6 -0.6 -0.0710171541446
0.6 -0.5 0.073406702412
0.6 -0.4 0.241434794531
0.6 -0.3 0.429187508857
0.6 -0.2 0.63150851537
0.6 -0.1 0.84207422248
0.6 0.0 1.05356102
0.6 0.1 1.25789628952
0.6 0.2 1.44661769135
0.6 0.3 1.61135010196
0.6 0.4 1.7443827398
0.6 0.5 1.8392970269
0.6 0.6 1.89156794189
0.6 0.7 1.89904728414
0.6 0.8 1.86224251915
0.6 0.9 1.78433058203
0.6 1.0 1.67088732405
0.6 1.1 1.52936094002
0.6 1.2 1.36836072659
0.6 1.3 1.19686127215
0.6 1.4 1.02343094784
0.6 1.5 0.855581770138
0.6 1.6 0.699309582905
0.6 1.7 0.558856534899
0.6 1.8 0.436690464525
0.6 1.9 0.33366531174
0.6 2.0 0.249307620881
0.7 -2.0 -0.0894004795529
0.7 -1.9 -0.114624909416
0.7 -1.8 -0.142985305169
0.7 -1.7 -0.173318568326
0.7 -1.6 -0.203809131117
0.7 -1.5 -0.231968971214
0.7 -1.4 -0.254695520553
0.7 -1.3 -0.268417114506
0.7 -1.2 -0.269322482286
0.7 -1.1 -0.253656073147
0.7 -1.0 -0.218048044234
0.7 -0.9 -0.159839896614
0.7 -0.8 -0.0773664649131
0.7 -0.7 0.0298372323587
0.7 -0.6 0.160921721879
0.7 -0.5 0.313702399455
0.7 -0.4 0.484719503723
0.7 -0.3 0.669358497229
0.7 -0.2 0.862011978094
0.7 -0.1 1.05627314389
0.7 0.0 1.24516314618
0.7 0.1 1.42140460104
0.7 0.2 1.57775562122
0.7 0.3 1.70741006884
0.7 0.4 1.80445122737
0.7 0.5 1.8643226249
0.7 0.6 1.8842587275
0.7 0.7 1.86360726135
0.7 0.8 1.80397922049
0.7 0.9 1.70918314001
0.7 1.0 1.58493320008
0.7 1.1 1.43835872663
0.7 1.2 1.27737672076
0.7 1.3 1.11001131012
0.7 1.4 0.94374980875
0.7 1.5 0.785013992354
0.7 1.6 0.63880085165
0.7 1.7 0.508515760189
0.7 1.8 0.395989759067
0.7 1.9 0.301647551325
0.7 2.0 0.224777547116
0.8 -2.0 -0.070521473846
0.8 -1.9 -0.0891671525885
0.8 -1.8 -0.109327533595
0.8 -1.7 -0.129677183203
0.8 -1.6 -0.148296974294
0.8 -1.5 -0.162677131935
0.8 -1.4 -0.169796827156
0.8 -1.3 -0.166288161351
0.8 -1.2 -0.148679445538
0.8 -1.1 -0.113698194961
0.8 -1.0 -0.0586013707761
0.8 -0.9 0.0185075957306
0.8 -0.8 0.118416086263
0.8 -0.7 0.240627472709
0.8 -0.6 0.383293589757
0.8 -0.5 0.543256495316
0.8 -0.4 0.716185435906
0.8 -0.3 0.896784439659
0.8 -0.2 1.07904353204
0.8 -0.1 1.25651198009
0.8 0.0 1.42258223083
0.8 0.1 1.5707835377
0.8 0.2 1.69508979476
0.8 0.3 1.79024370729
0.8 0.4 1.85208905719
0.8 0.5 1.87788769176
0.8 0.6 1.86658349656
0.8 0.7 1.81896796359
0.8 0.8 1.7377053241
0.8 0.9 1.62719063148
0.8 1.0 1.49323896755
0.8 1.1 1.34263243944
0.8 1.2 1.18257689565
0.8 1.3 1.02013617866
0.8 1.4 0.861714627085
0.8 1.5 0.712648216696
0.8 1.6 0.576944158889
0.8 1.7 0.45718306195
0.8 1.8 0.354572603287
0.8 1.9 0.269121874738
0.8 2.0 0.199894059725
0.9 -2.0 -0.0526653207279
0.9 -1.9 -0.0651376890875
0.9 -1.8 -0.0776288746812
0.9 -1.7 -0.0886758723912
0.9 -1.6 -0.0962806676705
0.9 -1.5 -0.097934329006
0.9 -1.4 -0.0907157842652
0.9 -1.3 -0.0714714083018
0.9 -1.2 -0.0370689072784
0.9 -1.1 0.0152951751237
0.9 -1.0 0.0877677135673
0.9 -0.9 0.181532476669
0.9 -0.8 0.296567215237
0.9 -0.7 0.431499587911
0.9 -0.6 0.583582959661
0.9 -0.5 0.748794942866
0.9 -0.4 0.922043673579
0.9 -0.3 1.09745348254
0.9 -0.2 1.2686957425
0.9 -0.1 1.42933284837
0.9 0.0 1.57315157958
0.9 0.1 1.69447270438
0.9 0.2 1.78843229975
0.9 0.3 1.8512336317
0.9 0.4 1.8803655939
0.9 0.5 1.87477632644
0.9 0.6 1.83498246684
0.9 0.7 1.76308992867
0.9 0.8 1.6627045731
0.9 0.9 1.53872175498
0.9 1.0 1.39700080799
0.9 1.1 1.2439500927
0.9 1.2 1.08606522965
0.9 1.3 0.929473064918
0.9 1.4 0.779534137594
0.9 1.5 0.640546870709
0.9 1.6 0.515579759945
0.9 1.7 0.406437468704
0.9 1.8 0.31374734922
0.9 1.9 0.23713815744
0.9 2.0 0.175474750807
1.0 -2.0 -0.0365189989403
1.0 -1.9 -0.0434784990052
1.0 -1.8 -0.0491572626095
1.0 -1.7 -0.0519904704399
1.0 -1.6 -0.0499357323156
1.0 -1.5 -0.0405151697634
1.0 -1.4 -0.0209296606461
1.0 -1.3 0.0117501906053
1.0 -1.2 0.0603240252968
1.0 -1.1 0.127154021694
1.0 -1.0 0.213843281042
1.0 -0.9 0.320942127684
1.0 -0.8 0.447725335612
1.0 -0.7 0.592076503368
1.0 -0.6 0.75050177789
1.0 -0.5 0.918276524417
1.0 -0.4 1.08970931337
1.0 -0.3 1.25849195759
1.0 -0.2 1.41809552949
1.0 -0.1 1.56217162528
1.0 0.0 1.68492462851
1.0 0.1 1.78143145098
1.0 0.2 1.84789642275
1.0 0.3 1.88183733693
1.0 0.4 1.88220237864
1.0 0.5 1.84941711421
1.0 0.6 1.78535803057
1.0 0.7 1.69324729833
1.0 0.8 1.57746510191
1.0 0.9 1.44328219788
1.0 1.0 1.29652554694
1.0 1.1 1.14320142824
1.0 1.2 0.989110058476
1.0 1.3 0.839490365305
1.0 1.4 0.698731461049
1.0 1.5 0.570178603586
1.0 1.6 0.456047836999
1.0 1.7 0.357448029316
1.0 1.8 0.274494880554
1.0 1.9 0.206491273251
1.0 2.0 0.152143517034
1.1 -2.0 -0.0225889362047
1.1 -1.9 -0.0248852316454
1.1 -1.8 -0.0248508226563
1.1 -1.7 -0.0208633410633
1.1 -1.6 -0.0108782686652
1.1 -1.5 0.00751485609859
1.1 -1.4 0.0369673665148
1.1 -1.3 0.0801743339442
1.1 -1.2 0.139613862129
1.1 -1.1 0.217244403615
1.1 -1.0 0.314193627413
1.1 -0.9 0.430480249732
1.1 -0.8 0.564811625115
1.1 -0.7 0.714493530923
1.1 -0.6 0.875474931877
1.1 -0.5 1.04253186089
1.1 -0.4 1.20957453817
1.1 -0.3 1.37004457676
1.1 -0.2 1.51735805465
1.1 -0.1 1.64534724328
1.1 0.0 1.7486586663
1.1 0.1 1.82307580377
1.1 0.2 1.86574788763
1.1 0.3 1.87531852105
1.1 0.4 1.85195693192
1.1 0.5 1.79729975376
1.1 0.6 1.71431310714
1.1 0.7 1.60708522944
1.1 0.8 1.48056088173
1.1 0.9 1.34023142925
1.1 1.0 1.19179881554
1.1 1.1 1.04083642452
1.1 1.2 0.892473188501
1.1 1.3 0.751127479312
1.1 1.4 0.620313334198
1.1 1.5 0.502533607888
1.1 1.6 0.399264041341
1.1 1.7 0.311021056532
1.1 1.8 0.237496505767
1.1 1.9 0.177736327714
1.1 2.0 0.130337927049
1.2 -2.0 -0.0111719996805
1.2 -1.9 -0.00976461950537
1.2 -1.8 -0.00525656136702
1.2 -1.7 0.00398318311575
1.2 -1.6 0.0199548885693
1.2 -1.5 0.0449620896771
1.2 -1.4 0.0814808386081
1.2 -1.3 0.131962171007
1.2 -1.2 0.198576723526
1.2 -1.1 0.2829227827
1.2 -1.0 0.385730348145
1.2 -0.9 0.506601372857
1.2 -0.8 0.643827848565
1.2 -0.7 0.794323516202
1.2 -0.6 0.953691935594
1.2 -0.5 1.11643537992
1.2 -0.4 1.2762888385
1.2 -0.3 1.42664524411
1.2 -0.2 1.56102544809
1.2 -0.1 1.67354172041
1.2 0.0 1.75930707209
1.2 0.1 1.81475303384
1.2 0.2 1.83783287717
1.2 0.3 1.82810237132
1.2 0.4 1.78668323599
1.2 0.5 1.7161238329
1.2 0.6 1.6201770529
1.2 0.7 1.50351761399
1.2 0.8 1.37142140441
1.2 0.9 1.2294292549
1.2 1.0 1.08301715984
1.2 1.1 0.937294318066
1.2 1.2 0.796748756286
1.2 1.3 0.665056990707
1.2 1.4 0.544968811817
1.2 1.5 0.438271121843
1.2 1.6 0.345826735678
1.2 1.7 0.267676489152
1.2 1.8 0.203187206592
1.2 1.9 0.151225017998
1.2 2.0 0.1103335319
1.3 -2.0 -0.00235253466598
1.3 -1.9 0.00177151667756
1.3 -1.8 0.00948044965484
1.3 -1.7 0.0223649033328
1.3 -1.6 0.0423348198185
1.3 -1.5 0.0715480372268
1.3 -1.4 0.112279077211
1.3 -1.3 0.16672698109
1.3 -1.2 0.236771218141
1.3 -1.1 0.32369610127
1.3 -1.0 0.427914653706
1.3 -0.9 0.548730007301
1.3 -0.8 0.684173963959
1.3 -0.7 0.830956987585
1.3 -0.6 0.984551669149
1.3 -0.5 1.13941424739
1.3 -0.4 1.28932904006
1.3 -0.3 1.42784232911
1.3 -0.2 1.54873887706
1.3 -0.1 1.64650833393
1.3 0.0 1.71675119928
1.3 0.1 1.75648381541
1.3 0.2 1.76431671958
1.3 0.3 1.74049745414
1.3 0.4 1.6868245965
1.3 0.5 1.60645208417
1.3 0.6 1.50361080042
1.3 0.7 1.38327790629
1.3 0.8 1.25082439501
1.3 0.9 1.11166892786
1.3 1.0 0.97096216868
1.3 1.1 0.833321165432
1.3 1.2 0.702628065666
1.3 1.3 0.581901644124
1.3 1.4 0.473243873691
1.3 1.5 0.377857419467
1.3 1.6 0.296124069527
1.3 1.7 0.227729456565
1.3 1.8 0.171816619368
1.3 1.9 0.127150372431
1.3 2.0 0.0922760684766
1.4 -2.0 0.00397641832249
1.4 -1.9 0.00987790842541
1.4 -1.8 0.0195799420986
1.4 -1.7 0.0345881205257
1.4 -1.6 0.0566806349019
1.4 -1.5 0.0878355689986
1.4 -1.4 0.130104010567
1.4 -1.3 0.185428510046
1.4 -1.2 0.255415646987
1.4 -1.1 0.341081816055
1.4 -1.0 0.442600917247
1.4 -0.9 0.559089204911
1.4 -0.8 0.688464078542
1.4 -0.7 0.827408795432
1.4 -0.6 0.971463875775
1.4 -0.5 1.115249703
1.4 -0.4 1.25280611626
1.4 -0.3 1.37801702847
1.4 -0.2 1.48507466354
1.4 -0.1 1.56893146948
1.4 0.0 1.62568929338
1.4 0.1 1.65288449692
1.4 0.2 1.64964236796
1.4 0.3 1.61669153973
1.4 0.4 1.55624607314
1.4 0.5 1.47177681068
1.4 0.6 1.36770297293
1.4 0.7 1.24903925907
1.4 0.8 1.12103339806
1.4 0.9 0.988825233433
1.4 1.0 0.857152254629
1.4 1.1 0.730119139837
1.4 1.2 0.611041211685
1.4 1.3 0.502364334374
1.4 1.4 0.405657134377
1.4 1.5 0.321665870323
1.4 1.6 0.250418144013
1.4 1.7 0.191359209327
1.4 1.8 0.143504045247
1.4 1.9 0.105589555931
1.4 2.0 0.0762139535392
1.5 -2.0 0.00807335224312
1.5 -1.9 0.0149208433158
1.5 -1.8 0.0255517682231
1.5 -1.7 0.0413500174554
1.5 -1.6 0.063928921974
1.5 -1.5 0.0950607942774
1.5 -1.4 0.136558380611
1.5 -1.3 0.190108243958
1.5 -1.2 0.257064286223
1.5 -1.1 0.338218812056
1.5 -1.0 0.433577069395
1.5 -0.9 0.542167108598
1.5 -0.8 0.661918249824
1.5 -0.7 0.789637229191
1.5 -0.6 0.92110104863
1.5 -0.5 1.05127078588
1.5 -0.4 1.17461340395
1.5 -0.3 1.28550196495
1.5 -0.2 1.37865173832
1.5 -0.1 1.44954301878
1.5 0.0 1.49478234266
1.5 0.1 1.5123620106
1.5 0.2 1.50179175594
1.5 0.3 1.46409340623
1.5 0.4 1.40166646862
1.5 0.5 1.3180470314
1.5 0.6 1.21759232908
1.5 0.7 1.10512794411
1.5 0.8 0.985594112073
1.5 0.9 0.863722922417
1.5 1.0 0.743770732049
1.5 1.1 0.62932126787
1.5 1.2 0.523165939986
1.5 1.3 0.427259774563
1.5 1.4 0.34274474409
1.5 1.5 0.270027489755
1.5 1.6 0.208895641715
1.5 1.7 0.158656111655
1.5 1.8 0.118279659754
1.5 1.9 0.0865383821374
1.5 2.0 0.0621260680575
1.6 -2.0 0.0102978783599
1.6 -1.9 0.0174076575919
1.6 -1.8 0.0280990383473
1.6 -1.7 0.0436079222416
1.6 -1.6 0.065360360005
1.6 -1.5 0.0949070845445
1.6 -1.4 0.133816300765
1.6 -1.3 0.183525059897
1.6 -1.2 0.24515665809
1.6 -1.1 0.319319485861
1.6 -1.0 0.405910189028
1.6 -0.9 0.503949184595
1.6 -0.8 0.6114778981
1.6 -0.7 0.725543457565
1.6 -0.6 0.842287787938
1.6 -0.5 0.957144989553
1.6 -0.4 1.0651354918
1.6 -0.3 1.16123040298
1.6 -0.2 1.24074755143
1.6 -0.1 1.29973428594
1.6 0.0 1.33529251215
1.6 0.1 1.34580868429
1.6 0.2 1.33106422254
1.6 0.3 1.292217752
1.6 0.4 1.23166687099
1.6 0.5 1.15281121483
1.6 0.6 1.05974841513
1.6 0.7 0.95693916214
1.6 0.8 0.84887697407
1.6 0.9 0.739793317497
1.6 1.0 0.633420786742
1.6 1.1 0.532827696027
1.6 1.2 0.440328106088
1.6 1.3 0.357463128183
1.6 1.4 0.285043061474
1.6 1.5 0.223235874783
1.6 1.6 0.171685759353
1.6 1.7 0.129645719979
1.6 1.8 0.0961100281474
1.6 1.9 0.0699353234528
1.6 2.0 0.0499426782496
1.7 -2.0 0.0110581070117
1.7 -1.9 0.0179127262647
1.7 -1.8 0.0280158618358
1.7 -1.7 0.0424404940669
1.7 -1.6 0.0624145663949
1.7 -1.5 0.0892624046967
1.7 -1.4 0.124310721293
1.7 -1.3 0.168759700902
1.7 -1.2 0.223525702418
1.7 -1.1 0.289068890695
1.7 -1.0 0.365225438949
1.7 -0.9 0.451068378688
1.7 -0.8 0.544822343342
1.7 -0.7 0.643854392759
1.7 -0.6 0.744755596928
1.7 -0.5 0.843516806912
1.7 -0.4 0.935788666507
1.7 -0.3 1.0172026874
1.7 -0.2 1.08371958768
1.7 -0.1 1.13196519461
1.7 0.0 1.15951431182
1.7 0.1 1.16508917308
1.7 0.2 1.14865038606
1.7 0.3 1.11137260138
1.7 0.4 1.05551202737
1.7 0.5 0.984185900094
1.7 0.6 0.901093202905
1.7 0.7 0.810210256592
1.7 0.8 0.715494173352
1.7 0.9 0.620622323222
1.7 1.0 0.528788207252
1.7 1.1 0.442565010266
1.7 1.2 0.363839088472
1.7 1.3 0.29380790634
1.7 1.4 0.233031228697
1.7 1.5 0.181521017682
1.7 1.6 0.138854419453
1.7 1.7 0.104295108832
1.7 1.8 0.0769105765373
1.7 1.9 0.0556761119139
1.7 2.0 0.0395596945595
1.8 -2.0 0.0107631912293
1.8 -1.9 0.0170105146598
1.8 -1.8 0.0260945677063
1.8 -1.7 0.0389214030814
1.8 -1.6 0.0565211167859
1.8 -1.5 0.0799972073127
1.8 -1.4 0.110446584612
1.8 -1.3 0.148850791939
1.8 -1.2 0.195944008352
1.8 -1.1 0.252069021632
1.8 -1.0 0.317037617749
1.8 -0.9 0.390015536442
1.8 -0.8 0.469453143773
1.8 -0.7 0.553080452424
1.8 -0.6 0.63797886305
1.8 -0.5 0.720732559319
1.8 -0.4 0.797651187995
1.8 -0.3 0.865044183965
1.8 -0.2 0.919517948771
1.8 -0.1 0.958261894932
1.8 0.0 0.979289280561
1.8 0.1 0.981603968047
1.8 0.2 0.965273909049
1.8 0.3 0.93140460076
1.8 0.4 0.882018814454
1.8 0.5 0.819860393875
1.8 0.6 0.748148111957
1.8 0.7 0.670309448322
1.8 0.8 0.589723549632
1.8 0.9 0.50949818172
1.8 1.0 0.432298352493
1.8 1.1 0.360235908912
1.8 1.2 0.294821180332
1.8 1.3 0.236970772953
1.8 1.4 0.187060631287
1.8 1.5 0.145010753057
1.8 1.6 0.110387370816
1.8 1.7 0.0825096134007
1.8 1.8 0.0605500908066
1.8 1.9 0.0436219227542
1.8 2.0 0.0308479205123
1.9 -2.0 0.00978621331834
1.9 -1.9 0.0152231734583
1.9 -1.8 0.0230530142587
1.9 -1.7 0.0340202730905
1.9 -1.6 0.0489669183229
1.9 -1.5 0.0687899604614
1.9 -1.4 0.0943753120181
1.9 -1.3 0.126508453455
1.9 -1.2 0.165766513721
1.9 -1.1 0.212400925409
1.9 -1.0 0.266224077099
1.9 -0.9 0.326516400619
1.9 -0.8 0.391971162856
1.9 -0.7 0.460692202621
1.9 -0.6 0.530254765962
1.9 -0.5 0.597831874866
1.9 -0.4 0.660379372608
1.9 -0.3 0.714863461421
1.9 -0.2 0.758506908489
1.9 -0.1 0.789025684276
1.9 0.0 0.804827611675
1.9 0.1 0.805148855525
1.9 0.2 0.790112121084
1.9 0.3 0.760700879497
1.9 0.4 0.718654988598
1.9 0.5 0.666302873316
1.9 0.6 0.606352448363
1.9 0.7 0.541666294634
1.9 0.8 0.475046061142
1.9 0.9 0.409047165627
1.9 1.0 0.345838623562
1.9 1.1 0.287115507891
1.9 1.2 0.234064370924
1.9 1.3 0.187375949556
1.9 1.4 0.147295264266
1.9 1.5 0.113697048464
1.9 1.6 0.086174189244
1.9 1.7 0.064128146369
1.9 1.8 0.0468526269442
1.9 1.9 0.0336045866157
1.9 2.0 0.0236594253557
2.0 -2.0 0.00843993780166
2.0 -1.9 0.0129863669579
2.0 -1.8 0.0194872803181
2.0 -1.7 0.0285383342375
2.0 -1.6 0.0408102154179
2.0 -1.5 0.0570142255048
2.0 -1.4 0.0778491017471
2.0 -1.3 0.103929580954
2.0 -1.2 0.135700415308
2.0 -1.1 0.173343145666
2.0 -1.0 0.216686311338
2.0 -0.9 0.265132169348
2.0 -0.8 0.317613667647
2.0 -0.7 0.372593820406
2.0 -0.6 0.428115599261
2.0 -0.5 0.481904304805
2.0 -0.4 0.531516945721
2.0 -0.3 0.574525648121
2.0 -0.2 0.608715928076
2.0 -0.1 0.632277038456
2.0 0.0 0.643961379253
2.0 0.1 0.643193342389
2.0 0.2 0.630114454533
2.0 0.3 0.605560187139
2.0 0.4 0.570972852143
2.0 0.5 0.528263065009
2.0 0.6 0.479638058264
2.0 0.7 0.427417886059
2.0 0.8 0.373860098629
2.0 0.9 0.321010191155
2.0 1.0 0.270589887331
2.0 1.1 0.223929167361
2.0 1.2 0.181941949041
2.0 1.3 0.145140337622
2.0 1.4 0.113678919215
2.0 1.5 0.0874188781503
2.0 1.6 0.0660016539764
2.0 1.7 0.0489230768173
2.0 1.8 0.0356009716972
2.0 1.9 0.0254316290991
2.0 2.0 0.0178328913829
