0 0 0 1 3.5
1 0.005 0.00506027 1.02044 3.52047
2 0.01 0.0102096 1.03353 3.53336
3 0.015 0.0153594 1.01631 3.5148
4 0.02 0.0203994 0.997204 3.4943
5 0.025 0.0254147 1.01888 3.51454
6 0.03 0.0305683 1.03856 3.53277
7 0.035 0.0356601 1.0223 3.51365
8 0.04 0.0407406 1.00351 3.49191
9 0.045 0.0457324 1.00632 3.49172
10 0.05 0.0507511 1.00329 3.48529
11 0.055 0.0557016 0.992 3.47035
12 0.06 0.0606723 0.994495 3.4688
13 0.065 0.0655984 0.984532 3.45461
14 0.07 0.0703964 0.944279 3.41124
15 0.075 0.0752065 0.980574 3.4413
16 0.08 0.0800084 0.946893 3.40366
17 0.085 0.0847234 0.93147 3.38378
18 0.09 0.0893523 0.918238 3.36595
19 0.095 0.0938419 0.886977 3.33204
20 0.1 0.0982188 0.872016 3.31306
21 0.105 0.102589 0.890429 3.32321
22 0.11 0.107037 0.907943 3.33252
23 0.115 0.11158 0.902221 3.32048
24 0.12 0.116103 0.900758 3.31206
25 0.125 0.120686 0.921221 3.32323
26 0.13 0.12533 0.936293 3.32937
27 0.135 0.130102 0.969846 3.35298
28 0.14 0.134934 0.959933 3.33463
29 0.145 0.139783 0.97219 3.33735
30 0.15 0.144719 0.989658 3.34489
31 0.155 0.149782 1.02813 3.37353
32 0.16 0.154958 1.01592 3.3503
33 0.165 0.160001 1.00584 3.32931
34 0.17 0.164995 1.00269 3.31513
35 0.175 0.169969 0.997372 3.29853
36 0.18 0.174932 1.00069 3.29027
37 0.185 0.179974 1.00991 3.28747
38 0.19 0.185006 1.0107 3.27591
39 0.195 0.19012 1.02436 3.27692
40 0.2 0.195251 1.03098 3.27048
41 0.205 0.200497 1.06667 3.29402
42 0.21 0.205945 1.08697 3.30112
43 0.215 0.211411 1.10109 3.30139
44 0.22 0.216862 1.09048 3.27429
45 0.225 0.222407 1.11861 3.28925
46 0.23 0.228019 1.1421 3.29913
47 0.235 0.233721 1.14368 3.28363
48 0.24 0.239611 1.19021 3.31966
49 0.245 0.24569 1.24637 3.36881
50 0.25 0.252027 1.29191 3.40608
51 0.255 0.258486 1.27871 3.36775
52 0.26 0.264965 1.31269 3.38989
53 0.265 0.271631 1.34789 3.41372
54 0.27 0.278423 1.36577 3.41406
55 0.275 0.285393 1.40443 3.44256
56 0.28 0.292503 1.43411 3.45864
57 0.285 0.299838 1.48206 3.50114
58 0.29 0.30727 1.50552 3.50787
59 0.295 0.314805 1.49801 3.46735
60 0.3 0.322275 1.50816 3.45308
61 0.305 0.329794 1.51523 3.43352
62 0.31 0.337425 1.53792 3.43695
63 0.315 0.345126 1.54463 3.41526
64 0.32 0.35289 1.56602 3.41573
65 0.325 0.360855 1.62036 3.46812
66 0.33 0.368965 1.62185 3.4352
67 0.335 0.377046 1.63967 3.42853
68 0.34 0.385345 1.66578 3.43448
69 0.345 0.393729 1.68644 3.43101
70 0.35 0.402256 1.71717 3.44402
71 0.355 0.410874 1.72859 3.42349
72 0.36 0.419467 1.71383 3.3575
73 0.365 0.428114 1.73548 3.35354
74 0.37 0.436912 1.79203 3.4108
75 0.375 0.445978 1.8452 3.46322
76 0.38 0.455358 1.88939 3.49948
77 0.385 0.464908 1.93573 3.54053
78 0.39 0.474645 1.94791 3.51523
79 0.395 0.484404 1.97498 3.51882
80 0.4 0.49431 1.98534 3.48867
81 0.405 0.504315 2.01773 3.50195
82 0.41 0.514482 2.05407 3.52321
83 0.415 0.524778 2.07864 3.52023
84 0.42 0.535248 2.1108 3.53262
85 0.425 0.545784 2.12574 3.5087
86 0.43 0.556499 2.18122 3.5714
87 0.435 0.567482 2.20096 3.55628
88 0.44 0.578651 2.24913 3.6039
89 0.445 0.589984 2.28969 3.63539
90 0.45 0.601595 2.34533 3.70224
91 0.455 0.61336 2.37451 3.70816
92 0.46 0.625427 2.43354 3.78552
93 0.465 0.637677 2.46422 3.79524
94 0.47 0.649922 2.44675 3.68712
95 0.475 0.66225 2.47417 3.68911
96 0.48 0.674685 2.48738 3.65615
97 0.485 0.687242 2.5283 3.69276
98 0.49 0.69988 2.55419 3.69252
99 0.495 0.712743 2.58276 3.69923
100 0.5 0.725717 2.60737 3.6964
101 0.505 0.738787 2.61974 3.66225
102 0.51 0.751923 2.63748 3.64277
103 0.515 0.765134 2.64727 3.60298
104 0.52 0.778501 2.68889 3.64849
105 0.525 0.792009 2.70861 3.63649
106 0.53 0.805588 2.722 3.60836
107 0.535 0.819291 2.75268 3.6284
108 0.54 0.833162 2.7966 3.6868
109 0.545 0.847141 2.78433 3.58996
110 0.55 0.86114 2.82031 3.62951
111 0.555 0.875286 2.83965 3.62386
112 0.56 0.889614 2.87951 3.67826
113 0.565 0.904082 2.89917 3.67662
114 0.57 0.918566 2.91689 3.67143
115 0.575 0.933234 2.94876 3.70932
116 0.58 0.948041 2.96945 3.71644
117 0.585 0.963044 3.0146 3.79876
118 0.59 0.978104 3.00602 3.72213
119 0.595 0.993176 3.01391 3.69726
120 0.6 1.00825 3.01901 3.6663
121 0.605 1.02346 3.05128 3.71978
122 0.61 1.03878 3.07882 3.7618
123 0.615 1.05418 3.06524 3.67995
124 0.62 1.06955 3.08575 3.7055
125 0.625 1.08501 3.0883 3.67814
126 0.63 1.10042 3.07901 3.61692
127 0.635 1.11577 3.06669 3.54917
128 0.64 1.13111 3.07446 3.5457
129 0.645 1.14649 3.09189 3.57459
130 0.65 1.16193 3.08285 3.52433
131 0.655 1.17737 3.0836 3.50686
132 0.66 1.19276 3.0751 3.46354
133 0.665 1.20807 3.04242 3.34901
134 0.67 1.22329 3.04616 3.34838
135 0.675 1.23852 3.04115 3.32354
136 0.68 1.25367 3.01561 3.23907
137 0.685 1.26871 2.99447 3.17075
138 0.69 1.28368 2.99064 3.15682
139 0.695 1.29867 3.00986 3.21424
140 0.7 1.31368 2.99046 3.15796
141 0.705 1.32867 2.98658 3.1504
142 0.71 1.3436 2.96024 3.07821
143 0.715 1.35841 2.9573 3.07756
144 0.72 1.37313 2.94144 3.04069
145 0.725 1.38777 2.915 2.97497
146 0.73 1.40235 2.91003 2.97388
147 0.735 1.41698 2.93014 3.04778
148 0.74 1.4316 2.91192 3.01134
149 0.745 1.44612 2.88361 2.9475
150 0.75 1.46054 2.86875 2.92433
151 0.755 1.47487 2.84678 2.8824
152 0.76 1.48913 2.86398 2.95352
153 0.765 1.50344 2.8626 2.97291
154 0.77 1.51775 2.87109 3.02178
155 0.775 1.53214 2.87388 3.05553
156 0.78 1.54654 2.86707 3.06278
157 0.785 1.56093 2.85816 3.06501
158 0.79 1.57518 2.86289 3.10687
159 0.795 1.58951 2.85951 3.12651
160 0.8 1.60378 2.85198 3.13488
161 0.805 1.61798 2.84504 3.14548
162 0.81 1.63212 2.81866 3.1016
163 0.815 1.6462 2.80879 3.10496
164 0.82 1.66006 2.76305 3.00856
165 0.825 1.67385 2.74813 2.99867
166 0.83 1.68753 2.72931 2.9783
167 0.835 1.70115 2.7175 2.97738
168 0.84 1.71467 2.70592 2.97708
169 0.845 1.72811 2.68379 2.94839
170 0.85 1.7416 2.7006 3.0247
171 0.855 1.75508 2.69688 3.04561
172 0.86 1.7685 2.67617 3.02064
173 0.865 1.78188 2.66858 3.03071
174 0.87 1.79516 2.63373 2.96818
175 0.875 1.80822 2.58778 2.87729
176 0.88 1.8211 2.56991 2.85954
177 0.885 1.83393 2.57564 2.9021
178 0.89 1.84675 2.53967 2.83745
179 0.895 1.85945 2.54822 2.88583
180 0.9 1.87208 2.50771 2.8094
181 0.905 1.88459 2.51145 2.84393
182 0.91 1.8972 2.5287 2.9122
183 0.915 1.90988 2.53201 2.94486
184 0.92 1.92255 2.54992 3.01394
185 0.925 1.93539 2.58162 3.11848
186 0.93 1.9483 2.57691 3.12884
187 0.935 1.96118 2.56995 3.1326
188 0.94 1.97397 2.57099 3.15598
189 0.945 1.98686 2.58626 3.21531
190 0.95 1.9998 2.57147 3.19631
191 0.955 2.01271 2.57627 3.22685
192 0.96 2.02554 2.55616 3.19235
193 0.965 2.03823 2.52695 3.13406
194 0.97 2.05083 2.51094 3.10861
195 0.975 2.06335 2.49679 3.08699
196 0.98 2.07587 2.5004 3.10885
197 0.985 2.08836 2.48516 3.08265
198 0.99 2.1007 2.45759 3.02521
199 0.995 2.11293 2.45192 3.02088
200 1 2.12519 2.45192 3.02951
201 1.005 2.13748 2.45904 3.05465
202 1.01 2.14984 2.47885 3.11023
203 1.015 2.16224 2.46666 3.08575
204 1.02 2.17452 2.43139 3.00395
205 1.025 2.1867 2.43318 3.01186
206 1.03 2.19892 2.45133 3.05874
207 1.035 2.21108 2.4234 2.9922
208 1.04 2.22315 2.40943 2.95899
209 1.045 2.23527 2.42259 2.99034
210 1.05 2.24747 2.46299 3.08762
211 1.055 2.25984 2.4818 3.13168
212 1.06 2.27224 2.48229 3.12945
213 1.065 2.28459 2.44478 3.03262
214 1.07 2.29682 2.44302 3.02302
215 1.075 2.30911 2.46024 3.05893
216 1.08 2.3214 2.44396 3.0118
217 1.085 2.33364 2.44283 3.00093
218 1.09 2.34576 2.41204 2.9173
219 1.095 2.35773 2.38608 2.84541
220 1.1 2.3696 2.34877 2.74676
221 1.105 2.38135 2.34764 2.7331
222 1.11 2.39301 2.33216 2.68525
223 1.115 2.40472 2.34512 2.70317
224 1.12 2.41639 2.32685 2.64746
225 1.125 2.42803 2.33697 2.65739
226 1.13 2.43978 2.35096 2.67577
227 1.135 2.45152 2.35165 2.66234
228 1.14 2.46327 2.33848 2.61584
229 1.145 2.47501 2.36867 2.67066
230 1.15 2.48689 2.3713 2.65997
231 1.155 2.49876 2.36933 2.63786
232 1.16 2.5106 2.36828 2.61749
233 1.165 2.52243 2.35643 2.57117
234 1.17 2.5342 2.35169 2.54136
235 1.175 2.54607 2.40294 2.644
236 1.18 2.55816 2.4273 2.6829
237 1.185 2.5703 2.43922 2.69153
238 1.19 2.58253 2.4297 2.64754
239 1.195 2.59464 2.4245 2.61401
240 1.2 2.60676 2.43181 2.61061
241 1.205 2.61896 2.4581 2.65339
242 1.21 2.63124 2.44172 2.59146
243 1.215 2.64354 2.46655 2.63043
244 1.22 2.65591 2.47148 2.62043
245 1.225 2.66826 2.47206 2.59965
246 1.23 2.6806 2.47537 2.58565
247 1.235 2.69294 2.47004 2.55028
248 1.24 2.70532 2.49536 2.59097
249 1.245 2.71779 2.49 2.55537
250 1.25 2.73029 2.51238 2.58918
251 1.255 2.74281 2.5095 2.55994
252 1.26 2.75543 2.53135 2.59306
253 1.265 2.76804 2.52386 2.55247
254 1.27 2.78059 2.51626 2.51204
255 1.275 2.79318 2.51404 2.48547
256 1.28 2.80587 2.54399 2.54044
257 1.285 2.81865 2.55881 2.55775
258 1.29 2.83139 2.55986 2.54047
259 1.295 2.84414 2.54693 2.48796
260 1.3 2.85676 2.53551 2.44019
261 1.305 2.86946 2.53284 2.41509
262 1.31 2.88211 2.51931 2.36326
263 1.315 2.89481 2.55052 2.42528
264 1.32 2.90759 2.5577 2.42709
265 1.325 2.92037 2.56133 2.42055
266 1.33 2.93321 2.55727 2.39498
267 1.335 2.94604 2.57411 2.42378
268 1.34 2.95891 2.57122 2.40268
269 1.345 2.97184 2.60182 2.46891
270 1.35 2.98486 2.61418 2.48902
271 1.355 2.99793 2.61657 2.48398
272 1.36 3.01105 2.61861 2.47889
273 1.365 3.02411 2.62266 2.48005
274 1.37 3.0373 2.63897 2.51438
275 1.375 3.05045 2.62628 2.47342
276 1.38 3.06372 2.67872 2.60585
277 1.385 3.07706 2.66164 2.55461
278 1.39 3.09031 2.65249 2.52571
279 1.395 3.10353 2.65251 2.52225
280 1.4 3.1167 2.63586 2.47574
281 1.405 3.12992 2.65595 2.52744
282 1.41 -3.14003 2.65193 2.51638
283 1.415 -3.12677 2.6144 2.41821
284 1.42 -3.1137 2.60988 2.40806
285 1.425 -3.10068 2.60363 2.39447
286 1.43 -3.08763 2.60374 2.39845
287 1.435 -3.07472 2.57464 2.32775
288 1.44 -3.0618 2.59485 2.38561
289 1.445 -3.04882 2.59207 2.38502
290 1.45 -3.0359 2.58513 2.37463
291 1.455 -3.02304 2.55949 2.31712
292 1.46 -3.01016 2.58421 2.39007
293 1.465 -2.9972 2.58895 2.4127
294 1.47 -2.9843 2.56465 2.36127
295 1.475 -2.97145 2.55144 2.3395
296 1.48 -2.95868 2.55109 2.35135
297 1.485 -2.94587 2.56125 2.39093
298 1.49 -2.93309 2.55937 2.40049
299 1.495 -2.92029 2.56317 2.42536
300 1.5 -2.90752 2.55722 2.42595
301 1.505 -2.89468 2.55604 2.43955
302 1.51 -2.88187 2.54662 2.43278
303 1.515 -2.86915 2.52216 2.38855
304 1.52 -2.85659 2.51419 2.3866
305 1.525 -2.84404 2.50444 2.38079
306 1.53 -2.83165 2.46006 2.28957
307 1.535 -2.81937 2.44891 2.28142
308 1.54 -2.80705 2.47204 2.35807
309 1.545 -2.79476 2.44752 2.31785
310 1.55 -2.78251 2.43818 2.3154
311 1.555 -2.77034 2.41335 2.27572
312 1.56 -2.75831 2.39613 2.25496
313 1.565 -2.74637 2.3834 2.24524
314 1.57 -2.73447 2.39065 2.28341
315 1.575 -2.72249 2.39369 2.31183
316 1.58 -2.71059 2.36613 2.26742
317 1.585 -2.69876 2.34853 2.24711
318 1.59 -2.68703 2.34588 2.26194
319 1.595 -2.6754 2.31577 2.21266
320 1.6 -2.66382 2.30341 2.20495
321 1.605 -2.65233 2.28895 2.19237
322 1.61 -2.64084 2.31089 2.26344
323 1.615 -2.62933 2.28694 2.22891
324 1.62 -2.61797 2.26642 2.20235
325 1.625 -2.60665 2.26211 2.21252
326 1.63 -2.59532 2.27552 2.26273
327 1.635 -2.58395 2.25747 2.24145
328 1.64 -2.57264 2.27164 2.29283
329 1.645 -2.56133 2.25732 2.27946
330 1.65 -2.55006 2.25215 2.28648
331 1.655 -2.53881 2.24379 2.28601
332 1.66 -2.52764 2.23467 2.28348
333 1.665 -2.51642 2.25464 2.34587
334 1.67 -2.50515 2.24963 2.35183
335 1.675 -2.49397 2.21419 2.28943
336 1.68 -2.48289 2.21248 2.30174
337 1.685 -2.47184 2.20702 2.30527
338 1.69 -2.46084 2.1806 2.26236
339 1.695 -2.45002 2.14809 2.20632
340 1.7 -2.43929 2.14824 2.22034
341 1.705 -2.42846 2.17546 2.29248
342 1.71 -2.41767 2.15931 2.27019
343 1.715 -2.40694 2.1464 2.25446
344 1.72 -2.39613 2.16443 2.30492
345 1.725 -2.38531 2.16107 2.30864
346 1.73 -2.37449 2.17868 2.35722
347 1.735 -2.36361 2.16931 2.34665
348 1.74 -2.35279 2.15444 2.3236
349 1.745 -2.34198 2.18766 2.40413
350 1.75 -2.33106 2.18418 2.40432
351 1.755 -2.32013 2.17809 2.39815
352 1.76 -2.30927 2.17479 2.39731
353 1.765 -2.29842 2.16133 2.37374
354 1.77 -2.28766 2.15924 2.37407
355 1.775 -2.27681 2.16526 2.39122
356 1.78 -2.2661 2.11308 2.28295
357 1.785 -2.25555 2.10941 2.27777
358 1.79 -2.24497 2.12681 2.31648
359 1.795 -2.23439 2.1026 2.2664
360 1.8 -2.22387 2.10113 2.26367
361 1.805 -2.21336 2.09324 2.24676
362 1.81 -2.20295 2.08659 2.23176
363 1.815 -2.19253 2.06693 2.18911
364 1.82 -2.18218 2.05564 2.1633
365 1.825 -2.1718 2.07132 2.19238
366 1.83 -2.16142 2.0754 2.19685
367 1.835 -2.15096 2.09536 2.23369
368 1.84 -2.14051 2.10122 2.24049
369 1.845 -2.12992 2.10771 2.24784
370 1.85 -2.11937 2.10891 2.24333
371 1.855 -2.10887 2.10724 2.23207
372 1.86 -2.09832 2.10931 2.22793
373 1.865 -2.08789 2.07652 2.15019
374 1.87 -2.07745 2.10535 2.20065
375 1.875 -2.06685 2.13234 2.24714
376 1.88 -2.05611 2.16033 2.29565
377 1.885 -2.04537 2.13456 2.22805
378 1.89 -2.03472 2.13054 2.20661
379 1.895 -2.02406 2.13672 2.20622
380 1.9 -2.01332 2.15053 2.22147
381 1.905 -2.00262 2.14956 2.20444
382 1.91 -1.99185 2.15603 2.20266
383 1.915 -1.98106 2.1613 2.19767
384 1.92 -1.97016 2.18287 2.22735
385 1.925 -1.95918 2.2001 2.24719
386 1.93 -1.94815 2.1855 2.19655
387 1.935 -1.93717 2.194 2.19604
388 1.94 -1.92618 2.16627 2.1159
389 1.945 -1.91536 2.14753 2.05555
390 1.95 -1.90449 2.1899 2.12691
391 1.955 -1.8935 2.20076 2.12952
392 1.96 -1.88253 2.17122 2.04324
393 1.965 -1.87155 2.1949 2.07279
394 1.97 -1.86048 2.22406 2.11448
395 1.975 -1.8493 2.26217 2.17658
396 1.98 -1.83795 2.25546 2.13731
397 1.985 -1.82657 2.28951 2.19015
398 1.99 -1.8151 2.29762 2.1837
399 1.995 -1.80356 2.30805 2.1822
400 2 -1.79207 2.27843 2.08863
401 2.005 -1.78062 2.29045 2.09028
402 2.01 -1.76905 2.32439 2.14235
403 2.015 -1.75729 2.35658 2.19081
404 2.02 -1.7454 2.39792 2.26183
405 2.025 -1.73343 2.39183 2.21973
406 2.03 -1.72146 2.40591 2.22592
407 2.035 -1.70933 2.42972 2.25555
408 2.04 -1.69711 2.45132 2.28018
409 2.045 -1.68474 2.4994 2.37088
410 2.05 -1.67214 2.51403 2.37884
411 2.055 -1.6595 2.54181 2.42048
412 2.06 -1.64684 2.53558 2.37632
413 2.065 -1.63409 2.56265 2.41708
414 2.07 -1.62129 2.56608 2.39791
415 2.075 -1.60847 2.5577 2.34888
416 2.08 -1.59568 2.56791 2.34802
417 2.085 -1.58291 2.55143 2.27943
418 2.09 -1.57014 2.542 2.22956
419 2.095 -1.55753 2.51196 2.1288
420 2.1 -1.54496 2.53342 2.15884
421 2.105 -1.53215 2.59161 2.28418
422 2.11 -1.51918 2.59437 2.26805
423 2.115 -1.50623 2.60166 2.26466
424 2.12 -1.49316 2.63702 2.33572
425 2.125 -1.47989 2.66792 2.39682
426 2.13 -1.46655 2.67235 2.38877
427 2.135 -1.45322 2.65621 2.32711
428 2.14 -1.4398 2.7247 2.4938
429 2.145 -1.42619 2.70771 2.43115
430 2.15 -1.4126 2.71806 2.44412
431 2.155 -1.39907 2.70812 2.40356
432 2.16 -1.38545 2.74108 2.48116
433 2.165 -1.37173 2.74905 2.49227
434 2.17 -1.3581 2.73822 2.45349
435 2.175 -1.34441 2.72842 2.41922
436 2.18 -1.33082 2.70925 2.36136
437 2.185 -1.31723 2.73747 2.43416
438 2.19 -1.30354 2.74404 2.44985
439 2.195 -1.28982 2.76051 2.4947
440 2.2 -1.27599 2.75127 2.47059
441 2.205 -1.2622 2.74732 2.463
442 2.21 -1.24849 2.7702 2.53128
443 2.215 -1.23461 2.77213 2.54383
444 2.22 -1.22071 2.76464 2.53231
445 2.225 -1.20686 2.78036 2.58709
446 2.23 -1.19304 2.7482 2.51142
447 2.235 -1.17927 2.76501 2.57296
448 2.24 -1.16539 2.77612 2.62111
449 2.245 -1.15157 2.75508 2.5823
450 2.25 -1.13773 2.76206 2.62303
451 2.255 -1.12388 2.77445 2.6809
452 2.26 -1.10997 2.79341 2.75942
453 2.265 -1.09589 2.83299 2.899
454 2.27 -1.08169 2.84217 2.95564
455 2.275 -1.06751 2.82665 2.94439
456 2.28 -1.05332 2.82661 2.97915
457 2.285 -1.03928 2.78946 2.91144
458 2.29 -1.02539 2.76247 2.87477
459 2.295 -1.01151 2.77127 2.9393
460 2.3 -0.997699 2.78271 3.01302
461 2.305 -0.983815 2.76897 3.01896
462 2.31 -0.969994 2.76354 3.04972
463 2.315 -0.956159 2.76091 3.09011
464 2.32 -0.942377 2.75024 3.10999
465 2.325 -0.928697 2.70723 3.04325
466 2.33 -0.915315 2.66013 2.96803
467 2.335 -0.902067 2.64445 2.97861
468 2.34 -0.888949 2.61573 2.95622
469 2.345 -0.875919 2.59441 2.95484
470 2.35 -0.863015 2.57816 2.9678
471 2.355 -0.850257 2.53957 2.92467
472 2.36 -0.837543 2.5542 3.01853
473 2.365 -0.824784 2.55537 3.07946
474 2.37 -0.812062 2.51741 3.04204
475 2.375 -0.799505 2.52014 3.10802
476 2.38 -0.787031 2.47738 3.06082
477 2.385 -0.774824 2.41166 2.95941
478 2.39 -0.762759 2.40989 3.0145
479 2.395 -0.750845 2.35844 2.95114
480 2.4 -0.739084 2.33667 2.95923
481 2.405 -0.727449 2.32992 3.00263
482 2.41 -0.715904 2.30817 3.01142
483 2.415 -0.704416 2.29569 3.04211
484 2.42 -0.692967 2.27929 3.06423
485 2.425 -0.681649 2.24881 3.05453
486 2.43 -0.670509 2.20169 3.00839
487 2.435 -0.659605 2.17397 3.00546
488 2.44 -0.648716 2.17719 3.07031
489 2.445 -0.637843 2.17739 3.12867
490 2.45 -0.62699 2.15618 3.14066
491 2.455 -0.616293 2.13908 3.16115
492 2.46 -0.605715 2.09581 3.12612
493 2.465 -0.595237 2.09038 3.17081
494 2.47 -0.584929 2.03173 3.10505
495 2.475 -0.574828 2.02759 3.15056
496 2.48 -0.564915 1.96759 3.08351
497 2.485 -0.555161 1.92998 3.06206
498 2.49 -0.545668 1.87832 3.01397
499 2.495 -0.536291 1.86254 3.03394
500 2.5 -0.526934 1.8759 3.10806
501 2.505 -0.517607 1.86619 3.13865
502 2.51 -0.508331 1.84377 3.14529
503 2.515 -0.499189 1.81614 3.14199
504 2.52 -0.490157 1.79702 3.15381
505 2.525 -0.481344 1.73412 3.08769
506 2.53 -0.472763 1.69639 3.06642
507 2.535 -0.464402 1.67454 3.07159
508 2.54 -0.456009 1.67811 3.11938
509 2.545 -0.447741 1.63258 3.08485
510 2.55 -0.439602 1.61166 3.09074
511 2.555 -0.431604 1.60096 3.11233
512 2.56 -0.423651 1.57596 3.1108
513 2.565 -0.415847 1.5641 3.12925
514 2.57 -0.408058 1.56692 3.1703
515 2.575 -0.400252 1.55736 3.19165
516 2.58 -0.392569 1.505 3.14678
517 2.585 -0.385068 1.48162 3.14593
518 2.59 -0.377696 1.46357 3.1524
519 2.595 -0.370533 1.40794 3.10427
520 2.6 -0.36358 1.38482 3.10238
521 2.605 -0.356813 1.33191 3.05973
522 2.61 -0.350211 1.30086 3.047
523 2.615 -0.343769 1.27454 3.04023
524 2.62 -0.337438 1.25892 3.04673
525 2.625 -0.331246 1.24123 3.04999
526 2.63 -0.325074 1.23635 3.06889
527 2.635 -0.318992 1.21297 3.06449
528 2.64 -0.31299 1.20324 3.07632
529 2.645 -0.306953 1.18862 3.08221
530 2.65 -0.301072 1.17406 3.08744
531 2.655 -0.295207 1.17592 3.11166
532 2.66 -0.289339 1.16091 3.11581
533 2.665 -0.283537 1.16083 3.13683
534 2.67 -0.277818 1.13937 3.13262
535 2.675 -0.272228 1.11581 3.12574
536 2.68 -0.266592 1.12982 3.16098
537 2.685 -0.261006 1.10652 3.15393
538 2.69 -0.255568 1.07986 3.14296
539 2.695 -0.250338 1.0242 3.10158
540 2.7 -0.245319 0.984874 3.07827
541 2.705 -0.240456 0.970653 3.07979
542 2.71 -0.235674 0.942672 3.06793
543 2.715 -0.230958 0.936023 3.07613
544 2.72 -0.226402 0.899473 3.0563
545 2.725 -0.221921 0.895879 3.06633
546 2.73 -0.217495 0.893633 3.07718
547 2.735 -0.213088 0.881397 3.0789
548 2.74 -0.20864 0.899929 3.10787
549 2.745 -0.204149 0.893327 3.11429
550 2.75 -0.19978 0.865321 3.10144
551 2.755 -0.195576 0.823129 3.07694
552 2.76 -0.191398 0.853057 3.11285
553 2.765 -0.187122 0.864831 3.13382
554 2.77 -0.182809 0.856617 3.13748
555 2.775 -0.178574 0.868642 3.15817
556 2.78 -0.174216 0.864887 3.16529
557 2.785 -0.169848 0.89172 3.19902
558 2.79 -0.165426 0.877113 3.19614
559 2.795 -0.161065 0.87135 3.20076
560 2.8 -0.156793 0.841657 3.18456
561 2.805 -0.152678 0.813156 3.16964
562 2.81 -0.148676 0.77824 3.15008
563 2.815 -0.144755 0.78532 3.16347
564 2.82 -0.140902 0.771061 3.1599
565 2.825 -0.137124 0.741523 3.14474
566 2.83 -0.133345 0.758822 3.16472
567 2.835 -0.129597 0.719325 3.14229
568 2.84 -0.125955 0.741269 3.16471
569 2.845 -0.122289 0.718807 3.15457
570 2.85 -0.118704 0.725194 3.16513
571 2.855 -0.115195 0.674671 3.13542
572 2.86 -0.111804 0.66443 3.13387
573 2.865 -0.108583 0.625629 3.11374
574 2.87 -0.105525 0.596112 3.10023
575 2.875 -0.102588 0.581806 3.09603
576 2.88 -0.0996547 0.594227 3.10744
577 2.885 -0.0967053 0.578635 3.1023
578 2.89 -0.0938751 0.572791 3.10267
579 2.895 -0.0909489 0.576617 3.10862
580 2.9 -0.088003 0.607645 3.13065
581 2.905 -0.0849072 0.60874 3.13503
582 2.91 -0.0818748 0.604913 3.13622
583 2.915 -0.0788667 0.595967 3.13421
584 2.92 -0.0758462 0.600849 3.14038
585 2.925 -0.0728074 0.632512 3.16304
586 2.93 -0.0696672 0.632523 3.16616
587 2.935 -0.0665374 0.626857 3.16556
588 2.94 -0.0634128 0.615996 3.16164
589 2.945 -0.0603522 0.62758 3.17149
590 2.95 -0.0572958 0.604671 3.15988
591 2.955 -0.0542467 0.611122 3.16617
592 2.96 -0.0512604 0.598609 3.1608
593 2.965 -0.0482728 0.59221 3.15907
594 2.97 -0.0452936 0.615175 3.17488
595 2.975 -0.0421436 0.638883 3.19167
596 2.98 -0.0390533 0.617549 3.18002
597 2.985 -0.0358832 0.627534 3.18789
598 2.99 -0.0327366 0.627873 3.18961
599 2.995 -0.029506 0.658072 3.21044
600 3 -0.0262787 0.628541 3.1927
601 3.005 -0.023111 0.638068 3.19983
602 3.01 -0.0198947 0.631857 3.19685
603 3.015 -0.0167275 0.644498 3.20573
604 3.02 -0.0135296 0.612685 3.18641
605 3.025 -0.0103707 0.646662 3.20833
606 3.03 -0.00724298 0.624668 3.19474
607 3.035 -0.00410317 0.638644 3.20382
608 3.04 -0.00083035 0.658017 3.21649
609 3.045 0.00246371 0.662896 3.21967
610 3.05 0.00577637 0.652891 3.2129
611 3.055 0.00909332 0.672771 3.22573
612 3.06 0.0124687 0.68424 3.233
613 3.065 0.0158763 0.691977 3.23765
614 3.07 0.0193846 0.699475 3.242
615 3.075 0.0228994 0.705469 3.24517
616 3.08 0.0264698 0.724656 3.25766
617 3.085 0.0301199 0.72548 3.25681
618 3.09 0.0337809 0.746281 3.27049
619 3.095 0.0375645 0.768665 3.28555
620 3.1 0.0414346 0.796803 3.30544
621 3.105 0.0454775 0.815846 3.31834
622 3.11 0.0495865 0.835216 3.33161
623 3.115 0.0537957 0.84695 3.33844
624 3.12 0.0580127 0.84853 3.33649
625 3.125 0.0622664 0.84834 3.33276
626 3.13 0.0665774 0.863979 3.34228
627 3.135 0.070936 0.867141 3.34085
628 3.14 0.0752272 0.841979 3.31498
629 3.145 0.0794186 0.849605 3.31693
630 3.15 0.0837625 0.864606 3.32486
631 3.155 0.0879966 0.839378 3.29832
632 3.16 0.0922135 0.865942 3.3157
633 3.165 0.0966202 0.881257 3.32331
634 3.17 0.10104 0.893143 3.32781
635 3.175 0.105599 0.95776 3.3811
636 3.18 0.110442 0.979356 3.39479
637 3.185 0.115382 0.992536 3.40009
638 3.19 0.120384 1.00929 3.40875
639 3.195 0.125453 1.01454 3.40548
640 3.2 0.130633 1.04894 3.43187
641 3.205 0.135893 1.04894 3.42225
642 3.21 0.141089 1.01508 3.37746
643 3.215 0.146119 1.00909 3.36153
644 3.22 0.151134 1.02206 3.36453
645 3.225 0.156313 1.04095 3.37318
646 3.23 0.161424 1.01455 3.33501
647 3.235 0.16658 1.02575 3.33496
648 3.24 0.171691 1.01696 3.31428
649 3.245 0.176796 1.03402 3.31976
650 3.25 0.182091 1.06497 3.33943
651 3.255 0.187427 1.07193 3.3336
652 3.26 0.192839 1.07877 3.32715
653 3.265 0.19828 1.08793 3.32283
654 3.27 0.203712 1.10096 3.32252
655 3.275 0.20917 1.06719 3.27091
656 3.28 0.214616 1.09723 3.28809
657 3.285 0.22022 1.13698 3.31637
658 3.29 0.225881 1.12527 3.28644
659 3.295 0.231534 1.13585 3.28139
660 3.3 0.237205 1.13777 3.26613
661 3.305 0.242957 1.16454 3.27889
662 3.31 0.2488 1.16585 3.26168
663 3.315 0.254732 1.18682 3.26694
664 3.32 0.260675 1.19197 3.25325
665 3.325 0.26666 1.2173 3.26341
666 3.33 0.272832 1.25922 3.29394
667 3.335 0.279186 1.26343 3.27681
668 3.34 0.28548 1.27163 3.26456
669 3.345 0.291873 1.27893 3.25046
670 3.35 0.298352 1.31973 3.27933
671 3.355 0.305067 1.37333 3.32605
672 3.36 0.312026 1.39725 3.33234
673 3.365 0.319133 1.44426 3.37123
674 3.37 0.326329 1.43465 3.32868
675 3.375 0.333427 1.43535 3.30088
676 3.38 0.340713 1.47745 3.33216
677 3.385 0.348185 1.51415 3.35578
678 3.39 0.355837 1.54681 3.37323
679 3.395 0.363544 1.53922 3.32827
680 3.4 0.371189 1.5342 3.2871
681 3.405 0.378914 1.56726 3.30411
682 3.41 0.386787 1.58393 3.29497
683 3.415 0.394889 1.65045 3.36564
684 3.42 0.403187 1.67303 3.36488
685 3.425 0.411632 1.70833 3.38512
686 3.43 0.420233 1.74766 3.41241
687 3.435 0.429026 1.76217 3.39583
688 3.44 0.437894 1.79119 3.40452
689 3.445 0.44689 1.82324 3.41848
690 3.45 0.455985 1.81426 3.35723
691 3.455 0.465017 1.80047 3.2873
692 3.46 0.474162 1.85572 3.34233
693 3.465 0.483479 1.85908 3.30135
694 3.47 0.492818 1.89117 3.3138
695 3.475 0.502304 1.90536 3.29193
696 3.48 0.511871 1.92539 3.28075
697 3.485 0.521579 1.94483 3.26777
698 3.49 0.531391 1.96608 3.25791
699 3.495 0.541276 1.98766 3.24851
700 3.5 0.551286 2.02355 3.26756
701 3.505 0.561465 2.04226 3.25159
702 3.51 0.571706 2.07087 3.25591
703 3.515 0.582277 2.15344 3.37389
704 3.52 0.593059 2.15667 3.32323
705 3.525 0.603968 2.21237 3.38654
706 3.53 0.615107 2.25058 3.41221
707 3.535 0.626445 2.29503 3.45261
708 3.54 0.637859 2.28354 3.36535
709 3.545 0.649366 2.33232 3.41663
710 3.55 0.661035 2.33719 3.36604
711 3.555 0.672851 2.39202 3.43317
712 3.56 0.684882 2.42671 3.45345
713 3.565 0.69707 2.44284 3.42897
714 3.57 0.709337 2.44678 3.37487
715 3.575 0.721582 2.4517 3.32381
716 3.58 0.733827 2.45964 3.2808
717 3.585 0.746124 2.45452 3.20604
718 3.59 0.758443 2.47982 3.20686
719 3.595 0.770937 2.51358 3.22943
720 3.6 0.783552 2.54126 3.23793
721 3.605 0.796411 2.58749 3.29474
722 3.61 0.809357 2.59572 3.25489
723 3.615 0.822409 2.61129 3.23481
724 3.62 0.835517 2.61471 3.18403
725 3.625 0.848596 2.61986 3.13911
726 3.63 0.861672 2.59921 3.02809
727 3.635 0.874703 2.6075 2.99403
728 3.64 0.887791 2.61503 2.95916
729 3.645 0.900859 2.62546 2.93342
730 3.65 0.913988 2.64501 2.93307
731 3.655 0.92723 2.65651 2.91278
732 3.66 0.940591 2.67337 2.90805
733 3.665 0.954035 2.71125 2.96173
734 3.67 0.967549 2.69416 2.86868
735 3.675 0.981196 2.76065 3.00451
736 3.68 0.995013 2.76744 2.97901
737 3.685 1.00892 2.78683 2.99027
738 3.69 1.02285 2.77393 2.9137
739 3.695 1.03672 2.77223 2.87043
740 3.7 1.05066 2.78614 2.87238
741 3.705 1.06457 2.78002 2.8207
742 3.71 1.07852 2.79938 2.84207
743 3.715 1.09254 2.79586 2.80151
744 3.72 1.10659 2.80574 2.80054
745 3.725 1.1206 2.81642 2.80409
746 3.73 1.13456 2.77272 2.65772
747 3.735 1.14857 2.80139 2.71543
748 3.74 1.16265 2.82659 2.76617
749 3.745 1.17683 2.84276 2.79386
750 3.75 1.19105 2.83946 2.76844
751 3.755 1.20526 2.8617 2.818
752 3.76 1.21957 2.86843 2.82548
753 3.765 1.23389 2.87646 2.83891
754 3.77 1.24825 2.87265 2.82045
755 3.775 1.26268 2.90095 2.89671
756 3.78 1.27712 2.88553 2.84881
757 3.785 1.29159 2.88701 2.85185
758 3.79 1.30607 2.91095 2.92208
759 3.795 1.32059 2.90269 2.90093
760 3.8 1.33513 2.9228 2.96436
761 3.805 1.34986 2.96689 3.10109
762 3.81 1.36472 2.95429 3.07267
763 3.815 1.37957 2.98765 3.1826
764 3.82 1.39448 2.98498 3.18737
765 3.825 1.40941 2.99051 3.21844
766 3.83 1.42434 2.97345 3.18387
767 3.835 1.43909 2.93605 3.0911
768 3.84 1.45373 2.93025 3.09326
769 3.845 1.46837 2.92069 3.0859
770 3.85 1.48293 2.92195 3.11149
771 3.855 1.49739 2.87681 3.00367
772 3.86 1.51175 2.87228 3.01476
773 3.865 1.52604 2.83944 2.9461
774 3.87 1.54025 2.84309 2.98248
775 3.875 1.5545 2.84881 3.02581
776 3.88 1.56875 2.8415 3.03296
777 3.885 1.5828 2.78898 2.91349
778 3.89 1.59678 2.81388 3.01219
779 3.895 1.61081 2.80974 3.03026
780 3.9 1.62467 2.76325 2.93065
781 3.905 1.63846 2.74747 2.91742
782 3.91 1.65216 2.74025 2.92808
783 3.915 1.66577 2.72241 2.90999
784 3.92 1.67938 2.72027 2.93508
785 3.925 1.69286 2.6781 2.85205
786 3.93 1.70615 2.64272 2.78845
787 3.935 1.7194 2.66281 2.87227
788 3.94 1.73263 2.62976 2.81526
789 3.945 1.7456 2.57172 2.69416
790 3.95 1.75852 2.58544 2.75916
791 3.955 1.77147 2.58949 2.79918
792 3.96 1.78451 2.61335 2.89077
793 3.965 1.79754 2.61042 2.91238
794 3.97 1.81055 2.60006 2.91429
795 3.975 1.82341 2.57212 2.87026
796 3.98 1.83624 2.55149 2.84516
797 3.985 1.849 2.55894 2.89132
798 3.99 1.86182 2.58181 2.97691
799 3.995 1.87473 2.58603 3.01424
800 4 1.88751 2.52353 2.88015
801 4.005 1.90004 2.49636 2.83645
802 4.01 1.91248 2.49672 2.86102
803 4.015 1.92489 2.46822 2.81324
804 4.02 1.93724 2.47886 2.86174
805 4.025 1.94956 2.44835 2.80797
806 4.03 1.96179 2.43727 2.80144
807 4.035 1.97391 2.41068 2.75658
808 4.04 1.98585 2.37699 2.69444
809 4.045 1.99769 2.3695 2.6943
810 4.05 2.00948 2.34966 2.66425
811 4.055 2.02128 2.35285 2.68775
812 4.06 2.03305 2.35619 2.71073
813 4.065 2.04488 2.37505 2.76973
814 4.07 2.05691 2.40303 2.85031
815 4.075 2.06883 2.37889 2.80531
816 4.08 2.08067 2.36056 2.77362
817 4.085 2.09261 2.40459 2.88948
818 4.09 2.10467 2.40631 2.90373
819 4.095 2.11669 2.41162 2.92564
820 4.1 2.12869 2.38446 2.86867
821 4.105 2.14053 2.37614 2.85597
822 4.11 2.1524 2.36836 2.8437
823 4.115 2.16422 2.37596 2.86695
824 4.12 2.17622 2.40946 2.95143
825 4.125 2.1882 2.38168 2.88823
826 4.13 2.20021 2.40548 2.9476
827 4.135 2.2123 2.44211 3.0378
828 4.14 2.22455 2.4437 3.04213
829 4.145 2.23677 2.44449 3.04351
830 4.15 2.24899 2.43828 3.02682
831 4.155 2.26121 2.4489 3.05023
832 4.16 2.2735 2.46234 3.07972
833 4.165 2.28589 2.48102 3.12137
834 4.17 2.29834 2.50155 3.16699
835 4.175 2.3109 2.50804 3.17667
836 4.18 2.32357 2.54379 3.25938
837 4.185 2.33638 2.56325 3.30041
838 4.19 2.34921 2.57628 3.32427
839 4.195 2.36207 2.56092 3.27419
840 4.2 2.37486 2.56799 3.28085
841 4.205 2.3877 2.56712 3.26621
842 4.21 2.40053 2.56025 3.23533
843 4.215 2.41335 2.57594 3.26154
844 4.22 2.42619 2.56671 3.22289
845 4.225 2.43898 2.55984 3.18965
846 4.23 2.45172 2.54065 3.12441
847 4.235 2.46438 2.53576 3.09511
848 4.24 2.47715 2.5722 3.17048
849 4.245 2.49003 2.57081 3.14841
850 4.25 2.50291 2.57552 3.14143
851 4.255 2.51582 2.58096 3.13576
852 4.26 2.52876 2.60868 3.18743
853 4.265 2.54186 2.63885 3.24556
854 4.27 2.55503 2.62348 3.18351
855 4.275 2.56816 2.62203 3.15777
856 4.28 2.58131 2.628 3.15108
857 4.285 2.59441 2.61425 3.09246
858 4.29 2.60742 2.59557 3.02109
859 4.295 2.62044 2.59138 2.98726
860 4.3 2.63338 2.60473 2.99895
861 4.305 2.64646 2.61388 2.99944
862 4.31 2.6595 2.62078 2.9941
863 4.315 2.67245 2.57854 2.86101
864 4.32 2.68531 2.57816 2.8369
865 4.325 2.69816 2.57804 2.81351
866 4.33 2.71104 2.57745 2.78895
867 4.335 2.7239 2.578 2.76751
868 4.34 2.7368 2.57563 2.73863
869 4.345 2.74965 2.57376 2.71135
870 4.35 2.76253 2.57851 2.70134
871 4.355 2.7754 2.56812 2.65264
872 4.36 2.78828 2.58109 2.66441
873 4.365 2.80118 2.57824 2.6358
874 4.37 2.81398 2.5368 2.50913
875 4.375 2.82669 2.55924 2.54618
876 4.38 2.83946 2.54986 2.5025
877 4.385 2.85227 2.58145 2.56433
878 4.39 2.8652 2.58851 2.56374
879 4.395 2.87825 2.60466 2.58726
880 4.4 2.89127 2.58863 2.5279
881 4.405 2.90421 2.59292 2.52211
882 4.41 2.9172 2.61285 2.5577
883 4.415 2.93023 2.59499 2.49561
884 4.42 2.94323 2.60062 2.49547
885 4.425 2.95626 2.62181 2.53677
886 4.43 2.96942 2.633 2.55288
887 4.435 2.98251 2.61166 2.48456
888 4.44 2.99556 2.61772 2.48897
889 4.445 3.00865 2.61951 2.48308
890 4.45 3.02175 2.61749 2.46816
891 4.455 3.03494 2.63635 2.50894
892 4.46 3.04813 2.61222 2.43783
893 4.465 3.06126 2.63376 2.48758
894 4.47 3.07445 2.65423 2.53593
895 4.475 3.0877 2.6443 2.50485
896 4.48 3.10102 2.67351 2.57877
897 4.485 3.11437 2.67614 2.58307
898 4.49 3.12773 2.68701 2.61058
899 4.495 3.1412 2.69873 2.64157
900 4.5 -3.1285 2.69714 2.6378
901 4.505 -3.11502 2.70267 2.65433
902 4.51 -3.10158 2.67273 2.57654
903 4.515 -3.0882 2.68403 2.61053
904 4.52 -3.07472 2.71139 2.68919
905 4.525 -3.06126 2.68304 2.6186
906 4.53 -3.04786 2.66177 2.56866
907 4.535 -3.03452 2.66278 2.57924
908 4.54 -3.02123 2.65741 2.57381
909 4.545 -3.00795 2.65246 2.57049
910 4.55 -2.99468 2.67327 2.63668
911 4.555 -2.98133 2.65187 2.59146
912 4.56 -2.96812 2.62337 2.52885
913 4.565 -2.955 2.63165 2.56394
914 4.57 -2.94185 2.60951 2.52015
915 4.575 -2.92888 2.59642 2.5009
916 4.58 -2.91581 2.62142 2.58182
917 4.585 -2.90273 2.61201 2.57368
918 4.59 -2.88971 2.58943 2.53208
919 4.595 -2.87673 2.58356 2.53464
920 4.6 -2.8638 2.57083 2.52013
921 4.605 -2.85091 2.5602 2.51173
922 4.61 -2.83813 2.55375 2.51447
923 4.615 -2.82544 2.52788 2.4684
924 4.62 -2.81271 2.54943 2.54328
925 4.625 -2.80006 2.52998 2.51436
926 4.63 -2.78747 2.50638 2.4757
927 4.635 -2.77497 2.48939 2.45428
928 4.64 -2.76251 2.49827 2.49767
929 4.645 -2.75 2.50785 2.54327
930 4.65 -2.73745 2.50768 2.56478
931 4.655 -2.72493 2.50282 2.57469
932 4.66 -2.71243 2.4874 2.55842
933 4.665 -2.70003 2.47792 2.55706
934 4.67 -2.68774 2.43971 2.48517
935 4.675 -2.67548 2.46944 2.5802
936 4.68 -2.66317 2.45105 2.5571
937 4.685 -2.65097 2.43306 2.53508
938 4.69 -2.63884 2.43542 2.56254
939 4.695 -2.62661 2.46298 2.65184
940 4.7 -2.61427 2.4643 2.67694
941 4.705 -2.60191 2.47594 2.72737
942 4.71 -2.58957 2.45714 2.70245
943 4.715 -2.57738 2.4361 2.67191
944 4.72 -2.56526 2.42254 2.65947
945 4.725 -2.55332 2.35601 2.52043
946 4.73 -2.54156 2.35125 2.52847
947 4.735 -2.5298 2.34096 2.52321
948 4.74 -2.51807 2.33847 2.53581
949 4.745 -2.50647 2.31746 2.50472
950 4.75 -2.49491 2.29411 2.46819
951 4.755 -2.4835 2.28432 2.46238
952 4.76 -2.472 2.3116 2.54133
953 4.765 -2.46046 2.30616 2.54456
954 4.77 -2.44901 2.28057 2.50098
955 4.775 -2.43765 2.26565 2.4815
956 4.78 -2.42627 2.28223 2.53308
957 4.785 -2.41483 2.28574 2.55444
958 4.79 -2.4034 2.27838 2.55032
959 4.795 -2.39204 2.26614 2.53446
960 4.8 -2.38074 2.259 2.52954
961 4.805 -2.36948 2.25061 2.52112
962 4.81 -2.35817 2.27201 2.57937
963 4.815 -2.34686 2.26484 2.57223
964 4.82 -2.33553 2.26816 2.58817
965 4.825 -2.32419 2.25392 2.56363
966 4.83 -2.31298 2.22791 2.51216
967 4.835 -2.30178 2.25012 2.56794
968 4.84 -2.29054 2.25467 2.58346
969 4.845 -2.27931 2.23068 2.53413
970 4.85 -2.26814 2.23152 2.53967
971 4.855 -2.25697 2.22011 2.51711
972 4.86 -2.24574 2.25459 2.5963
973 4.865 -2.23457 2.21914 2.51822
974 4.87 -2.22346 2.20912 2.49641
975 4.875 -2.21232 2.24669 2.57967
976 4.88 -2.20103 2.26688 2.62394
977 4.885 -2.18964 2.27848 2.64811
978 4.89 -2.17823 2.29372 2.67989
979 4.895 -2.1668 2.28036 2.64539
980 4.9 -2.15548 2.26194 2.59879
981 4.905 -2.14417 2.26614 2.60264
982 4.91 -2.13289 2.25458 2.57005
983 4.915 -2.12151 2.29006 2.64326
984 4.92 -2.10996 2.31041 2.68169
985 4.925 -2.09842 2.30124 2.65128
986 4.93 -2.08682 2.31697 2.67742
987 4.935 -2.07526 2.30053 2.62847
988 4.94 -2.06378 2.29672 2.60793
989 4.945 -2.05238 2.27077 2.53616
990 4.95 -2.04092 2.2938 2.57533
991 4.955 -2.02933 2.34211 2.67296
992 4.96 -2.01764 2.34398 2.66207
993 4.965 -2.00583 2.3791 2.72876
994 4.97 -1.99392 2.40225 2.76691
995 4.975 -1.98192 2.38247 2.70148
996 4.98 -1.96999 2.38799 2.69587
997 4.985 -1.95808 2.3706 2.63501
998 4.99 -1.94617 2.40614 2.69971
999 4.995 -1.9341 2.42355 2.72059
1000 5 -1.92201 2.41327 2.67385
1001 5.005 -1.90997 2.39943 2.61812
1002 5.01 -1.89783 2.44736 2.71105
1003 5.015 -1.8856 2.44886 2.69072
1004 5.02 -1.87332 2.4721 2.72324
1005 5.025 -1.86095 2.49661 2.75877
1006 5.03 -1.84846 2.49717 2.73402
1007 5.035 -1.83603 2.4866 2.68123
1008 5.04 -1.8235 2.52632 2.75369
1009 5.045 -1.81075 2.56033 2.81223
1010 5.05 -1.79793 2.56243 2.78912
1011 5.055 -1.7851 2.5694 2.77823
1012 5.06 -1.77229 2.5679 2.74535
1013 5.065 -1.7594 2.57947 2.74575
1014 5.07 -1.74641 2.61982 2.82087
1015 5.075 -1.73323 2.65389 2.8804
1016 5.08 -1.71995 2.66404 2.87679
1017 5.085 -1.70654 2.69917 2.94013
1018 5.09 -1.69303 2.69981 2.91083
1019 5.095 -1.67944 2.71631 2.92446
1020 5.1 -1.66583 2.71984 2.90313
1021 5.105 -1.65218 2.70653 2.83629
1022 5.11 -1.63865 2.70552 2.80346
1023 5.115 -1.62507 2.721 2.81566
1024 5.12 -1.61151 2.70075 2.73146
1025 5.125 -1.59804 2.70541 2.7155
1026 5.13 -1.58451 2.69336 2.6549
1027 5.135 -1.57105 2.70749 2.66575
1028 5.14 -1.55743 2.72213 2.67864
1029 5.145 -1.54381 2.7384 2.69698
1030 5.15 -1.53017 2.71924 2.61947
1031 5.155 -1.51648 2.74664 2.66996
1032 5.16 -1.50268 2.76242 2.68988
1033 5.165 -1.48883 2.7944 2.75619
1034 5.17 -1.47484 2.80257 2.75745
1035 5.175 -1.46091 2.775 2.66031
1036 5.18 -1.44701 2.78433 2.66733
1037 5.185 -1.43312 2.77739 2.63046
1038 5.19 -1.41922 2.77782 2.61552
1039 5.195 -1.40526 2.80065 2.66446
1040 5.2 -1.39125 2.81178 2.68245
1041 5.205 -1.37714 2.82825 2.71719
1042 5.21 -1.36294 2.84625 2.75818
1043 5.215 -1.34871 2.83885 2.72877
1044 5.22 -1.33444 2.85459 2.76704
1045 5.225 -1.32016 2.85394 2.76049
1046 5.23 -1.30586 2.8556 2.76249
1047 5.235 -1.29157 2.86482 2.78803
1048 5.24 -1.27727 2.85668 2.76594
1049 5.245 -1.26293 2.87044 2.80861
1050 5.25 -1.24856 2.85989 2.78373
1051 5.255 -1.23436 2.82202 2.68353
1052 5.26 -1.22023 2.82932 2.71357
1053 5.265 -1.20608 2.82913 2.72458
1054 5.27 -1.19198 2.82391 2.72346
1055 5.275 -1.17788 2.82712 2.74825
1056 5.28 -1.16371 2.83594 2.79121
1057 5.285 -1.14944 2.87712 2.92915
1058 5.29 -1.13497 2.88996 2.98901
1059 5.295 -1.12051 2.89814 3.03775
1060 5.3 -1.10603 2.88641 3.03121
1061 5.305 -1.09162 2.87502 3.02792
1062 5.31 -1.07735 2.84991 2.98746
1063 5.315 -1.06312 2.83851 2.98853
1064 5.32 -1.04889 2.84911 3.05434
1065 5.325 -1.03458 2.86911 3.14954
1066 5.33 -1.02033 2.83889 3.10321
1067 5.335 -1.00629 2.76317 2.9325
1068 5.34 -0.992482 2.76712 2.9861
1069 5.345 -0.978745 2.71471 2.88677
1070 5.35 -0.965349 2.65976 2.78411
1071 5.355 -0.952081 2.64317 2.78638
1072 5.36 -0.938998 2.61457 2.75841
1073 5.365 -0.925967 2.57975 2.71659
1074 5.37 -0.913156 2.56056 2.7165
1075 5.375 -0.900468 2.52358 2.67268
1076 5.38 -0.887885 2.51083 2.6917
1077 5.385 -0.875348 2.52599 2.78208
1078 5.39 -0.862789 2.49666 2.76197
1079 5.395 -0.850403 2.45963 2.72421
1080 5.4 -0.838203 2.4221 2.68687
1081 5.405 -0.82611 2.42505 2.74885
1082 5.41 -0.814019 2.40105 2.74674
1083 5.415 -0.80206 2.37336 2.73677
1084 5.42 -0.790212 2.35361 2.74657
1085 5.425 -0.778447 2.3478 2.78979
1086 5.43 -0.766777 2.30962 2.75804
1087 5.435 -0.755418 2.26059 2.7023
1088 5.44 -0.744203 2.20989 2.64519
1089 5.445 -0.733211 2.18414 2.64425
1090 5.45 -0.722404 2.14269 2.60975
1091 5.455 -0.711751 2.12957 2.63655
1092 5.46 -0.701221 2.08962 2.60687
1093 5.465 -0.690806 2.07524 2.63125
1094 5.47 -0.680523 2.02632 2.58488
1095 5.475 -0.670516 1.99008 2.56485
1096 5.48 -0.660626 1.97098 2.57934
1097 5.485 -0.650836 1.93081 2.55298
1098 5.49 -0.641295 1.89826 2.54146
1099 5.495 -0.631783 1.90884 2.61234
1100 5.5 -0.622242 1.91221 2.66977
1101 5.505 -0.612895 1.84503 2.59356
1102 5.51 -0.603784 1.8076 2.57394
1103 5.515 -0.594861 1.75455 2.5272
1104 5.52 -0.586123 1.73597 2.5415
1105 5.525 -0.577609 1.68674 2.50271
1106 5.53 -0.569308 1.63441 2.46008
1107 5.535 -0.561228 1.58736 2.42728
1108 5.54 -0.553396 1.56732 2.43725
1109 5.545 -0.545559 1.56268 2.47148
1110 5.55 -0.537798 1.54278 2.48154
1111 5.555 -0.530182 1.49245 2.44522
1112 5.56 -0.522751 1.48157 2.46798
1113 5.565 -0.5155 1.42797 2.42785
1114 5.57 -0.50853 1.37271 2.38669
1115 5.575 -0.501704 1.37236 2.42151
1116 5.58 -0.494887 1.34578 2.42049
1117 5.585 -0.488183 1.34124 2.44874
1118 5.59 -0.481592 1.30812 2.43844
1119 5.595 -0.475107 1.28181 2.43723
1120 5.6 -0.468733 1.24649 2.4247
1121 5.605 -0.462532 1.22739 2.43213
1122 5.61 -0.456443 1.19771 2.42645
1123 5.615 -0.450397 1.23297 2.49922
1124 5.62 -0.444336 1.19961 2.48842
1125 5.625 -0.438389 1.16365 2.47497
1126 5.63 -0.432628 1.15519 2.49308
1127 5.635 -0.426984 1.10931 2.4683
1128 5.64 -0.421517 1.0826 2.46516
1129 5.645 -0.416182 1.0568 2.46288
1130 5.65 -0.410905 1.06799 2.49963
1131 5.655 -0.405737 1.01663 2.47027
1132 5.66 -0.400774 0.988147 2.46477
1133 5.665 -0.395918 0.941993 2.4426
1134 5.67 -0.391216 0.935977 2.45846
1135 5.675 -0.386598 0.917011 2.46186
1136 5.68 -0.382169 0.869924 2.43976
1137 5.685 -0.377978 0.819444 2.41587
1138 5.69 -0.373867 0.812919 2.42881
1139 5.695 -0.37 0.750199 2.39686
1140 5.7 -0.366268 0.742273 2.4073
1141 5.705 -0.362579 0.721675 2.40828
1142 5.71 -0.358994 0.716435 2.42001
1143 5.715 -0.355513 0.69238 2.41801
1144 5.72 -0.352156 0.663076 2.41248
1145 5.725 -0.348893 0.63865 2.4104
1146 5.73 -0.345788 0.607741 2.40422
1147 5.735 -0.342786 0.573152 2.39635
1148 5.74 -0.340087 0.5096 2.37318
1149 5.745 -0.337549 0.50051 2.37909
1150 5.75 -0.335124 0.470056 2.37429
1151 5.755 -0.332865 0.439946 2.36984
1152 5.76 -0.330639 0.454915 2.38561
1153 5.765 -0.328428 0.424334 2.38112
1154 5.77 -0.326366 0.40501 2.38143
1155 5.775 -0.324365 0.374165 2.37745
1156 5.78 -0.322405 0.389666 2.3912
1157 5.785 -0.320478 0.370833 2.39171
1158 5.79 -0.318536 0.385716 2.40504
1159 5.795 -0.316737 0.352822 2.39999
1160 5.8 -0.314947 0.356665 2.40838
1161 5.805 -0.313176 0.344569 2.41107
1162 5.81 -0.311461 0.343061 2.41722
1163 5.815 -0.309823 0.310538 2.41295
1164 5.82 -0.308321 0.268737 2.40664
1165 5.825 -0.306973 0.277307 2.41417
1166 5.83 -0.305574 0.289235 2.42292
1167 5.835 -0.304091 0.301724 2.43228
1168 5.84 -0.302648 0.27256 2.4294
1169 5.845 -0.301338 0.244386 2.42708
1170 5.85 -0.300147 0.239538 2.43041
1171 5.855 -0.299001 0.214262 2.429
1172 5.86 -0.297978 0.183974 2.42682
1173 5.865 -0.297112 0.194346 2.43203
1174 5.87 -0.296111 0.193968 2.4357
1175 5.875 -0.295187 0.174049 2.43548
1176 5.88 -0.294307 0.159076 2.43626
1177 5.885 -0.293574 0.133066 2.43519
1178 5.89 -0.292812 0.132264 2.43791
1179 5.895 -0.292221 0.100466 2.43639
1180 5.9 -0.2918 0.0623145 2.43484
1181 5.905 -0.291569 0.0364723 2.43442
1182 5.91 -0.291399 0.0082984 2.43442
1183 5.915 -0.29146 -0.0397767 2.43495
1184 5.92 -0.291587 -0.0230171 2.43395
1185 5.925 -0.291667 -0.0287596 2.43381
1186 5.93 -0.291837 -0.0544666 2.43425
1187 5.935 -0.292219 -0.0887209 2.43529
1188 5.94 -0.292621 -0.0890385 2.43383
1189 5.945 -0.293151 -0.142877 2.43811
1190 5.95 -0.293888 -0.154184 2.43706
1191 5.955 -0.294745 -0.19214 2.44044
1192 5.96 -0.295743 -0.213819 2.44112
1193 5.965 -0.296834 -0.208553 2.43593
1194 5.97 -0.297895 -0.224233 2.43535
1195 5.975 -0.299069 -0.242233 2.43513
1196 5.98 -0.300291 -0.251394 2.43278
1197 5.985 -0.3015 -0.242629 2.42604
1198 5.99 -0.302781 -0.268937 2.42791
1199 5.995 -0.304243 -0.309765 2.43416
1200 6 -0.305882 -0.346634 2.43999
1201 6.005 -0.307628 -0.340203 2.43107
1202 6.01 -0.309493 -0.410921 2.45043
1203 6.015 -0.311593 -0.42238 2.44707
1204 6.02 -0.313744 -0.438947 2.44582
1205 6.025 -0.315941 -0.449344 2.44183
1206 6.03 -0.318168 -0.437691 2.42789
1207 6.035 -0.320471 -0.485334 2.44076
1208 6.04 -0.322925 -0.4922 2.43434
1209 6.045 -0.325551 -0.551797 2.45493
1210 6.05 -0.328274 -0.552674 2.44444
1211 6.055 -0.331143 -0.576488 2.44625
1212 6.06 -0.334048 -0.603936 2.45059
1213 6.065 -0.337015 -0.595267 2.43321
1214 6.07 -0.340094 -0.626931 2.43983
1215 6.075 -0.343204 -0.62526 2.42584
1216 6.08 -0.34632 -0.626685 2.41368
1217 6.085 -0.349348 -0.609605 2.39035
1218 6.09 -0.352381 -0.604804 2.37458
1219 6.095 -0.355517 -0.633805 2.37915
1220 6.1 -0.358682 -0.658405 2.38146
1221 6.105 -0.362039 -0.670234 2.37482
1222 6.11 -0.365383 -0.653486 2.3492
1223 6.115 -0.368631 -0.660465 2.33958
1224 6.12 -0.372024 -0.68897 2.34388
1225 6.125 -0.375492 -0.695609 2.33312
1226 6.13 -0.378993 -0.711631 2.32881
1227 6.135 -0.382548 -0.717395 2.317
1228 6.14 -0.386308 -0.762699 2.33358
1229 6.145 -0.390239 -0.805209 2.34907
1230 6.15 -0.394279 -0.821119 2.34356
1231 6.155 -0.398345 -0.811794 2.31727
1232 6.16 -0.402477 -0.838663 2.32034
1233 6.165 -0.406764 -0.880733 2.33656
1234 6.17 -0.411289 -0.920855 2.35152
1235 6.175 -0.416012 -0.946199 2.35292
1236 6.18 -0.420815 -0.975313 2.35811
1237 6.185 -0.425657 -0.96036 2.32053
1238 6.19 -0.430531 -0.984699 2.32078
1239 6.195 -0.43552 -1.00372 2.31558
1240 6.2 -0.44065 -1.04331 2.33116
1241 6.205 -0.44583 -1.026 2.28791
1242 6.21 -0.451066 -1.0764 2.31513
1243 6.215 -0.456587 -1.135 2.3526
1244 6.22 -0.462391 -1.19416 2.3926
1245 6.225 -0.468285 -1.18693 2.35448
1246 6.23 -0.474279 -1.19572 2.33477
1247 6.235 -0.480277 -1.2074 2.31844
1248 6.24 -0.486393 -1.23546 2.3216
1249 6.245 -0.492686 -1.27826 2.3432
1250 6.25 -0.499143 -1.29852 2.33612
1251 6.255 -0.505725 -1.31665 2.32583
1252 6.26 -0.512333 -1.33321 2.3135
1253 6.265 -0.519093 -1.35922 2.3133
1254 6.27 -0.525949 -1.40436 2.33984
1255 6.275 -0.533142 -1.46334 2.38665
1256 6.28 -0.540556 -1.50572 2.41052
1257 6.285 -0.548072 -1.51435 2.38384
1258 6.29 -0.555774 -1.56047 2.41393
1259 6.295 -0.563619 -1.58253 2.40691
1260 6.3 -0.571573 -1.59853 2.39
1261 6.305 -0.579554 -1.61119 2.36776
1262 6.31 -0.587649 -1.63817 2.36834
1263 6.315 -0.595939 -1.68557 2.40279
1264 6.32 -0.604422 -1.70856 2.39642
1265 6.325 -0.613011 -1.72388 2.37675
1266 6.33 -0.62164 -1.73089 2.34271
1267 6.335 -0.630399 -1.76799 2.3608
1268 6.34 -0.639403 -1.84501 2.45188
1269 6.345 -0.648719 -1.8811 2.46948
1270 6.35 -0.658273 -1.94499 2.54095
1271 6.355 -0.668188 -2.01093 2.61886
1272 6.36 -0.678352 -2.04547 2.63528
1273 6.365 -0.688687 -2.06555 2.62228
1274 6.37 -0.699083 -2.07439 2.58629
1275 6.375 -0.709483 -2.08474 2.55383
1276 6.38 -0.719959 -2.10031 2.5324
1277 6.385 -0.730647 -2.1601 2.60507
1278 6.39 -0.741523 -2.17745 2.58755
1279 6.395 -0.752425 -2.18567 2.55069
1280 6.4 -0.763558 -2.27119 2.68591
1281 6.405 -0.775118 -2.32375 2.74984
1282 6.41 -0.786786 -2.34837 2.75072
1283 6.415 -0.79859 -2.36786 2.74019
1284 6.42 -0.810525 -2.40708 2.77756
1285 6.425 -0.822681 -2.44619 2.81607
1286 6.43 -0.834951 -2.4652 2.80684
1287 6.435 -0.847369 -2.49745 2.83134
1288 6.44 -0.859951 -2.52643 2.84902
1289 6.445 -0.872613 -2.52708 2.7964
1290 6.45 -0.885269 -2.55993 2.82697
1291 6.455 -0.898154 -2.59114 2.85477
1292 6.46 -0.911269 -2.63963 2.92948
1293 6.465 -0.924636 -2.70508 3.0528
1294 6.47 -0.93812 -2.70554 3.00363
1295 6.475 -0.951642 -2.68435 2.89763
1296 6.48 -0.965174 -2.71265 2.92678
1297 6.485 -0.978782 -2.73339 2.93755
1298 6.49 -0.992469 -2.76379 2.97693
1299 6.495 -1.00629 -2.77061 2.95311
1300 6.5 -1.02004 -2.73259 2.80793
1301 6.505 -1.03378 -2.76586 2.86079
1302 6.51 -1.04754 -2.74658 2.77098
1303 6.515 -1.06125 -2.7528 2.75349
1304 6.52 -1.07501 -2.76764 2.76173
1305 6.525 -1.08887 -2.77773 2.75883
1306 6.53 -1.10277 -2.7815 2.7404
1307 6.535 -1.11664 -2.77151 2.68588
1308 6.54 -1.13051 -2.76949 2.6556
1309 6.545 -1.14436 -2.77346 2.64403
1310 6.55 -1.15824 -2.76915 2.61155
1311 6.555 -1.17213 -2.76734 2.58807
1312 6.56 -1.18608 -2.8073 2.68301
1313 6.565 -1.2 -2.77202 2.57026
1314 6.57 -1.2138 -2.74964 2.49629
1315 6.575 -1.22763 -2.77272 2.54983
1316 6.58 -1.24151 -2.79294 2.59792
1317 6.585 -1.25546 -2.78926 2.58141
1318 6.59 -1.26955 -2.827 2.6831
1319 6.595 -1.2837 -2.83657 2.70793
1320 6.6 -1.29791 -2.83281 2.69696
1321 6.605 -1.31211 -2.83648 2.70902
1322 6.61 -1.32632 -2.84392 2.73375
1323 6.615 -1.34063 -2.87247 2.82084
1324 6.62 -1.35501 -2.88537 2.8654
1325 6.625 -1.36939 -2.87082 2.83276
1326 6.63 -1.38372 -2.85383 2.79511
1327 6.635 -1.39802 -2.86064 2.82723
1328 6.64 -1.41229 -2.82499 2.74017
1329 6.645 -1.42645 -2.83347 2.77986
1330 6.65 -1.44054 -2.82039 2.76003
1331 6.655 -1.45467 -2.82821 2.80072
1332 6.66 -1.46885 -2.83022 2.82646
1333 6.665 -1.48292 -2.80644 2.78064
1334 6.67 -1.49695 -2.80441 2.79731
1335 6.675 -1.51095 -2.77767 2.74613
1336 6.68 -1.52485 -2.77449 2.76165
1337 6.685 -1.53887 -2.82613 2.93184
1338 6.69 -1.55299 -2.842 3.00352
1339 6.695 -1.56717 -2.84216 3.03172
1340 6.7 -1.58137 -2.83803 3.04859
1341 6.705 -1.59556 -2.84527 3.09846
1342 6.71 -1.60966 -2.80219 3.00663
1343 6.715 -1.62353 -2.75988 2.91885
1344 6.72 -1.63727 -2.73412 2.87821
1345 6.725 -1.65095 -2.72292 2.87805
1346 6.73 -1.66454 -2.71287 2.88128
1347 6.735 -1.67801 -2.68243 2.82974
1348 6.74 -1.69133 -2.63605 2.73682
1349 6.745 -1.70444 -2.61134 2.70209
1350 6.75 -1.71759 -2.61879 2.75182
1351 6.755 -1.73061 -2.58318 2.6892
1352 6.76 -1.74358 -2.5987 2.75926
1353 6.765 -1.75667 -2.63272 2.87828
1354 6.77 -1.76984 -2.62396 2.8853
1355 6.775 -1.7828 -2.57716 2.793
1356 6.78 -1.7957 -2.60168 2.8855
1357 6.785 -1.80869 -2.6041 2.92071
1358 6.79 -1.82165 -2.57814 2.88191
1359 6.795 -1.83456 -2.58601 2.93023
1360 6.8 -1.8475 -2.59324 2.97653
1361 6.805 -1.86042 -2.5804 2.97035
1362 6.81 -1.87329 -2.5521 2.92416
1363 6.815 -1.88604 -2.53451 2.90501
1364 6.82 -1.8987 -2.50816 2.86337
1365 6.825 -1.91124 -2.49252 2.84822
1366 6.83 -1.92365 -2.47175 2.81971
1367 6.835 -1.93598 -2.45856 2.80939
1368 6.84 -1.9483 -2.48487 2.89591
1369 6.845 -1.96077 -2.49337 2.93805
1370 6.85 -1.97317 -2.47467 2.91169
1371 6.855 -1.98553 -2.47922 2.9422
1372 6.86 -1.99795 -2.47253 2.94411
1373 6.865 -2.01017 -2.42882 2.85435
1374 6.87 -2.02238 -2.44804 2.9177
1375 6.875 -2.03462 -2.45187 2.94272
1376 6.88 -2.04687 -2.44796 2.94789
1377 6.885 -2.05916 -2.47427 3.02651
1378 6.89 -2.07152 -2.47364 3.03794
1379 6.895 -2.08387 -2.47238 3.04685
1380 6.9 -2.09625 -2.46588 3.04187
1381 6.905 -2.10857 -2.46748 3.05585
1382 6.91 -2.12087 -2.44689 3.01426
1383 6.915 -2.13315 -2.46281 3.06134
1384 6.92 -2.14546 -2.46876 3.08302
1385 6.925 -2.15787 -2.49094 3.14406
1386 6.93 -2.17038 -2.52769 3.2413
1387 6.935 -2.18299 -2.51611 3.2161
1388 6.94 -2.19557 -2.50743 3.19724
1389 6.945 -2.20804 -2.48041 3.13168
1390 6.95 -2.22045 -2.4946 3.16778
1391 6.955 -2.23287 -2.47686 3.12344
1392 6.96 -2.24523 -2.46245 3.08661
1393 6.965 -2.25757 -2.46671 3.09487
1394 6.97 -2.26998 -2.48804 3.14444
1395 6.975 -2.28233 -2.45095 3.04861
1396 6.98 -2.29464 -2.44997 3.04104
1397 6.985 -2.30682 -2.43166 2.99026
1398 6.99 -2.31896 -2.43991 3.00342
1399 6.995 -2.33118 -2.44521 3.00845
1400 7 -2.34337 -2.43336 2.97076
1401 7.005 -2.3555 -2.40833 2.90059
1402 7.01 -2.36754 -2.40903 2.89195
1403 7.015 -2.37962 -2.42311 2.9148
1404 7.02 -2.39178 -2.43071 2.9212
1405 7.025 -2.40395 -2.45322 2.96335
1406 7.03 -2.41619 -2.44202 2.9223
1407 7.035 -2.42843 -2.44223 2.90844
1408 7.04 -2.44065 -2.44244 2.89391
1409 7.045 -2.45288 -2.44543 2.88551
1410 7.05 -2.46515 -2.4626 2.91123
1411 7.055 -2.47743 -2.45547 2.87664
1412 7.06 -2.48973 -2.48 2.91951
1413 7.065 -2.50208 -2.47328 2.88461
1414 7.07 -2.5143 -2.43646 2.7756
1415 7.075 -2.52647 -2.42018 2.71707
1416 7.08 -2.53857 -2.40787 2.66803
1417 7.085 -2.55057 -2.40127 2.63261
1418 7.09 -2.56257 -2.40141 2.61303
1419 7.095 -2.57454 -2.38662 2.55743
1420 7.1 -2.58649 -2.38806 2.54041
1421 7.105 -2.59832 -2.35107 2.43227
1422 7.11 -2.61016 -2.40013 2.52811
1423 7.115 -2.62219 -2.39403 2.49223
1424 7.12 -2.63421 -2.40869 2.50607
1425 7.125 -2.64621 -2.39883 2.4609
1426 7.13 -2.6582 -2.38386 2.4036
1427 7.135 -2.67015 -2.3932 2.40441
1428 7.14 -2.68217 -2.42452 2.45823
1429 7.145 -2.69423 -2.4106 2.40293
1430 7.15 -2.70633 -2.425 2.41607
1431 7.155 -2.71848 -2.43534 2.41954
1432 7.16 -2.73069 -2.44613 2.42422
1433 7.165 -2.74303 -2.47436 2.472
1434 7.17 -2.75537 -2.45961 2.41414
1435 7.175 -2.76778 -2.49468 2.47968
1436 7.18 -2.78032 -2.50906 2.49441
1437 7.185 -2.7929 -2.52161 2.505
1438 7.19 -2.80561 -2.55525 2.56957
1439 7.195 -2.81829 -2.52975 2.48437
1440 7.2 -2.83106 -2.56885 2.56402
1441 7.205 -2.84391 -2.5807 2.5749
1442 7.21 -2.85694 -2.63149 2.68788
1443 7.215 -2.87009 -2.63548 2.67945
1444 7.22 -2.88327 -2.63356 2.65605
1445 7.225 -2.89646 -2.62766 2.62284
1446 7.23 -2.90968 -2.67449 2.72999
1447 7.235 -2.92308 -2.69204 2.76062
1448 7.24 -2.93653 -2.68009 2.7128
1449 7.245 -2.94996 -2.66619 2.66079
1450 7.25 -2.96335 -2.68171 2.68835
1451 7.255 -2.97676 -2.68731 2.69032
1452 7.26 -2.99023 -2.69201 2.69076
1453 7.265 -3.0036 -2.65474 2.57995
1454 7.27 -3.01693 -2.67571 2.62567
1455 7.275 -3.03033 -2.66377 2.58456
1456 7.28 -3.04361 -2.64704 2.53196
1457 7.285 -3.05689 -2.66834 2.58141
1458 7.29 -3.07023 -2.65378 2.53649
1459 7.295 -3.08346 -2.63888 2.49195
1460 7.3 -3.09675 -2.68206 2.60274
1461 7.305 -3.11013 -2.66281 2.54825
1462 7.31 -3.12343 -2.65429 2.52363
1463 7.315 -3.13664 -2.63893 2.48206
1464 7.32 3.13334 -2.63721 2.47764
1465 7.325 3.12004 -2.67731 2.58538
1466 7.33 3.10663 -2.67087 2.57044
1467 7.335 3.09324 -2.68072 2.60012
1468 7.34 3.07979 -2.71633 2.70063
1469 7.345 3.0662 -2.71902 2.71349
1470 7.35 3.05257 -2.73493 2.76352
1471 7.355 3.03901 -2.69751 2.66956
1472 7.36 3.02555 -2.6907 2.65982
1473 7.365 3.01217 -2.66056 2.58877
1474 7.37 2.99891 -2.65604 2.58721
1475 7.375 2.98561 -2.66902 2.63321
1476 7.38 2.97236 -2.62517 2.52945
1477 7.385 2.95928 -2.61823 2.52428
1478 7.39 2.94622 -2.60454 2.50236
1479 7.395 2.93321 -2.59555 2.49359
1480 7.4 2.92015 -2.6165 2.56363
1481 7.405 2.90716 -2.58695 2.50289
1482 7.41 2.89418 -2.59298 2.53532
1483 7.415 2.88117 -2.60857 2.59341
1484 7.42 2.86818 -2.59668 2.58066
1485 7.425 2.8552 -2.61065 2.63582
1486 7.43 2.84218 -2.59197 2.60666
1487 7.435 2.82938 -2.55198 2.52344
1488 7.44 2.81659 -2.54752 2.53222
1489 7.445 2.80391 -2.52415 2.49334
1490 7.45 2.79131 -2.50958 2.47736
1491 7.455 2.77875 -2.50426 2.48503
1492 7.46 2.76618 -2.52866 2.56778
1493 7.465 2.75357 -2.52974 2.59221
1494 7.47 2.741 -2.4895 2.51313
1495 7.475 2.72855 -2.50976 2.58568
1496 7.48 2.71596 -2.51538 2.62214
1497 7.485 2.70345 -2.48927 2.57913
1498 7.49 2.69101 -2.47162 2.55766
1499 7.495 2.67866 -2.47827 2.59631
1500 7.5 2.66623 -2.4903 2.64856
1501 7.505 2.65372 -2.49792 2.69005
1502 7.51 2.64122 -2.49332 2.70096
1503 7.515 2.62885 -2.45723 2.63371
1504 7.52 2.61654 -2.45564 2.65163
1505 7.525 2.60431 -2.42905 2.60818
1506 7.53 2.59223 -2.40245 2.56496
1507 7.535 2.58023 -2.40559 2.59318
1508 7.54 2.56816 -2.41382 2.63352
1509 7.545 2.55609 -2.41555 2.65789
1510 7.55 2.54395 -2.43731 2.73064
1511 7.555 2.53181 -2.42065 2.70974
1512 7.56 2.51974 -2.41734 2.72076
1513 7.565 2.50761 -2.43901 2.79207
1514 7.57 2.4954 -2.45694 2.85428
1515 7.575 2.48324 -2.42634 2.79728
1516 7.58 2.47106 -2.44553 2.8612
1517 7.585 2.45883 -2.44909 2.88658
1518 7.59 2.44653 -2.4494 2.90346
1519 7.595 2.43427 -2.48167 2.99843
1520 7.6 2.42187 -2.47735 3.00261
1521 7.605 2.40959 -2.45563 2.96307
1522 7.61 2.39737 -2.44543 2.9513
1523 7.615 2.38511 -2.4578 2.99412
1524 7.62 2.37282 -2.46123 3.01428
1525 7.625 2.36053 -2.44141 2.9766
1526 7.63 2.34834 -2.44012 2.98343
1527 7.635 2.33611 -2.458 3.03637
1528 7.64 2.32383 -2.45264 3.03151
1529 7.645 2.31151 -2.47717 3.09938
1530 7.65 2.29919 -2.47009 3.08838
1531 7.655 2.28689 -2.46021 3.06953
1532 7.66 2.27458 -2.47157 3.10213
1533 7.665 2.26225 -2.46989 3.10161
1534 7.67 2.24993 -2.47543 3.11792
1535 7.675 2.2375 -2.50406 3.19086
1536 7.68 2.22497 -2.49973 3.18062
1537 7.685 2.21255 -2.47789 3.12584
1538 7.69 2.20001 -2.53142 3.25843
1539 7.695 2.18734 -2.53781 3.27208
1540 7.7 2.17461 -2.54532 3.28747
1541 7.705 2.16192 -2.54839 3.29057
1542 7.71 2.14923 -2.53162 3.24213
1543 7.715 2.13656 -2.5395 3.25519
1544 7.72 2.12386 -2.54071 3.25029
1545 7.725 2.11123 -2.51673 3.18061
1546 7.73 2.09865 -2.52729 3.19722
1547 7.735 2.08604 -2.5182 3.16321
1548 7.74 2.07346 -2.5086 3.127
1549 7.745 2.06095 -2.50071 3.09421
1550 7.75 2.04847 -2.49035 3.05441
1551 7.755 2.0361 -2.46471 2.9761
1552 7.76 2.02367 -2.49125 3.0261
1553 7.765 2.01118 -2.50338 3.03962
1554 7.77 1.99868 -2.50446 3.02463
1555 7.775 1.9862 -2.4929 2.97723
1556 7.78 1.97373 -2.50953 2.99946
1557 7.785 1.96109 -2.54572 3.07048
1558 7.79 1.94837 -2.56429 3.09652
1559 7.795 1.93543 -2.60869 3.18879
1560 7.8 1.92251 -2.56941 3.06377
1561 7.805 1.90957 -2.59307 3.10075
1562 7.81 1.89659 -2.60722 3.11264
1563 7.815 1.88342 -2.6566 3.21669
1564 7.82 1.87012 -2.66374 3.20884
1565 7.825 1.85669 -2.70556 3.29342
1566 7.83 1.84316 -2.69562 3.23807
1567 7.835 1.82971 -2.67657 3.15805
1568 7.84 1.81629 -2.69924 3.18972
1569 7.845 1.80282 -2.68758 3.12855
1570 7.85 1.78929 -2.70447 3.14383
1571 7.855 1.77576 -2.71127 3.13168
1572 7.86 1.76219 -2.72001 3.12453
1573 7.865 1.74861 -2.71818 3.08845
1574 7.87 1.73505 -2.70972 3.0343
1575 7.875 1.72158 -2.66927 2.89451
1576 7.88 1.70813 -2.7023 2.95224
1577 7.885 1.69456 -2.7179 2.96333
1578 7.89 1.68088 -2.74631 3.00968
1579 7.895 1.66711 -2.75521 3.00286
1580 7.9 1.65321 -2.79277 3.07574
1581 7.905 1.63918 -2.83242 3.15603
1582 7.91 1.62508 -2.81779 3.08373
1583 7.915 1.611 -2.81689 3.05077
1584 7.92 1.5969 -2.82694 3.04928
1585 7.925 1.58277 -2.8185 2.99621
1586 7.93 1.5687 -2.81034 2.94481
1587 7.935 1.5547 -2.79181 2.86544
1588 7.94 1.54065 -2.81585 2.90615
1589 7.945 1.52658 -2.82139 2.89597
1590 7.95 1.51245 -2.83234 2.90205
1591 7.955 1.49836 -2.80999 2.81526
1592 7.96 1.48433 -2.79523 2.75142
1593 7.965 1.47031 -2.80889 2.76846
1594 7.97 1.4562 -2.82784 2.80178
1595 7.975 1.44206 -2.8396 2.81633
1596 7.98 1.42773 -2.88273 2.92216
1597 7.985 1.41329 -2.89282 2.93514
1598 7.99 1.39877 -2.90805 2.9647
1599 7.995 1.3842 -2.93445 3.02885
1600 8 1.36948 -2.95491 3.07777
1601 8.005 1.35475 -2.93854 3.02009
1602 8.01 1.34012 -2.9275 2.98022
1603 8.015 1.32548 -2.92338 2.96262
1604 8.02 1.31096 -2.88726 2.85415
1605 8.025 1.29653 -2.89413 2.87248
1606 8.03 1.282 -2.90138 2.89403
1607 8.035 1.2675 -2.89624 2.88174
1608 8.04 1.25296 -2.90581 2.91427
1609 8.045 1.23845 -2.91646 2.95215
1610 8.05 1.2239 -2.90276 2.92142
1611 8.055 1.20946 -2.87102 2.84103
1612 8.06 1.19506 -2.89208 2.91513
1613 8.065 1.1807 -2.86148 2.84266
1614 8.07 1.16647 -2.84829 2.82263
1615 8.075 1.15219 -2.86203 2.88176
1616 8.08 1.13777 -2.88941 2.98281
1617 8.085 1.12345 -2.85304 2.90277
1618 8.09 1.10922 -2.82786 2.85772
1619 8.095 1.09513 -2.81917 2.8615
1620 8.1 1.08103 -2.80873 2.86262
1621 8.105 1.06716 -2.76154 2.76328
1622 8.11 1.05338 -2.74728 2.75789
1623 8.115 1.03969 -2.73157 2.75052
1624 8.12 1.02611 -2.70448 2.71422
1625 8.125 1.01263 -2.67625 2.67716
1626 8.13 0.99925 -2.68367 2.73752
1627 8.135 0.985744 -2.70259 2.83114
1628 8.14 0.972253 -2.67382 2.79818
1629 8.145 0.958948 -2.65516 2.79399
1630 8.15 0.945719 -2.64388 2.81103
1631 8.155 0.932511 -2.65266 2.88273
1632 8.16 0.919346 -2.61472 2.83268
1633 8.165 0.906294 -2.59787 2.83972
1634 8.17 0.893342 -2.58362 2.85477
1635 8.175 0.880355 -2.59511 2.93806
1636 8.18 0.867527 -2.54505 2.86361
1637 8.185 0.854877 -2.51519 2.84276
1638 8.19 0.842425 -2.49094 2.83707
1639 8.195 0.829951 -2.48241 2.87207
1640 8.2 0.817552 -2.47516 2.91104
1641 8.205 0.805147 -2.44382 2.8919
1642 8.21 0.79297 -2.43897 2.93789
1643 8.215 0.780964 -2.3646 2.81713
1644 8.22 0.769336 -2.28921 2.69851
1645 8.225 0.757947 -2.25422 2.67534
1646 8.23 0.746764 -2.22126 2.6575
1647 8.235 0.735822 -2.16683 2.59333
1648 8.24 0.725 -2.1489 2.60979
1649 8.245 0.714312 -2.12858 2.62124
1650 8.25 0.703671 -2.10734 2.63131
1651 8.255 0.693161 -2.09762 2.66563
1652 8.26 0.682683 -2.08253 2.689
1653 8.265 0.672345 -2.06388 2.70478
1654 8.27 0.662087 -2.02835 2.68632
1655 8.275 0.652007 -1.99558 2.67389
1656 8.28 0.642139 -1.95154 2.63952
1657 8.285 0.632372 -1.96231 2.71269
1658 8.29 0.622666 -1.92181 2.68592
1659 8.295 0.613234 -1.87401 2.64563
1660 8.3 0.603886 -1.87148 2.69092
1661 8.305 0.594601 -1.84448 2.69043
1662 8.31 0.585479 -1.82654 2.70626
1663 8.315 0.57641 -1.80955 2.7238
1664 8.32 0.567356 -1.78609 2.72988
1665 8.325 0.558506 -1.76503 2.73955
1666 8.33 0.549793 -1.7107 2.69135
1667 8.335 0.541286 -1.68446 2.69178
1668 8.34 0.532963 -1.64718 2.67351
1669 8.345 0.524795 -1.6159 2.66534
1670 8.35 0.516772 -1.61157 2.70025
1671 8.355 0.508815 -1.56254 2.66382
1672 8.36 0.501102 -1.51908 2.63674
1673 8.365 0.493505 -1.50549 2.65528
1674 8.37 0.486057 -1.47741 2.65149
1675 8.375 0.478815 -1.44521 2.64127
1676 8.38 0.471555 -1.46139 2.70147
1677 8.385 0.464373 -1.40621 2.6584
1678 8.39 0.457427 -1.37801 2.65377
1679 8.395 0.450586 -1.34809 2.64684
1680 8.4 0.443875 -1.34745 2.67897
1681 8.405 0.43723 -1.31638 2.66998
1682 8.41 0.430777 -1.26596 2.63611
1683 8.415 0.424522 -1.2501 2.64619
1684 8.42 0.418336 -1.20595 2.62143
1685 8.425 0.412385 -1.17221 2.60942
1686 8.43 0.406637 -1.13086 2.58873
1687 8.435 0.401004 -1.10903 2.59046
1688 8.44 0.39556 -1.08731 2.59169
1689 8.445 0.390145 -1.07388 2.60192
1690 8.45 0.384823 -1.05265 2.60346
1691 8.455 0.379581 -1.03287 2.60637
1692 8.46 0.374419 -1.02989 2.62629
1693 8.465 0.369448 -0.969749 2.58809
1694 8.47 0.364638 -0.95137 2.59147
1695 8.475 0.359987 -0.906961 2.57038
1696 8.48 0.355497 -0.881615 2.56701
1697 8.485 0.351122 -0.868146 2.57387
1698 8.49 0.3467 -0.877503 2.60072
1699 8.495 0.342384 -0.8429 2.58902
1700 8.5 0.338254 -0.811749 2.58039
1701 8.505 0.334246 -0.802005 2.58902
1702 8.51 0.330375 -0.753233 2.56688
1703 8.515 0.326706 -0.704998 2.54655
1704 8.52 0.323305 -0.654741 2.52603
1705 8.525 0.320027 -0.639825 2.52943
1706 8.53 0.316931 -0.592275 2.51237
1707 8.535 0.314022 -0.575911 2.51423
1708 8.54 0.311187 -0.559993 2.51624
1709 8.545 0.308352 -0.565217 2.53015
1710 8.55 0.305484 -0.563341 2.54011
1711 8.555 0.30268 -0.549752 2.54324
1712 8.56 0.300075 -0.503132 2.52857
1713 8.565 0.297633 -0.477331 2.52511
1714 8.57 0.295279 -0.477901 2.53419
1715 8.575 0.292944 -0.451549 2.53062
1716 8.58 0.290822 -0.417363 2.5236
1717 8.585 0.288689 -0.420379 2.5327
1718 8.59 0.286559 -0.435419 2.54691
1719 8.595 0.284398 -0.441685 2.5575
1720 8.6 0.282277 -0.408988 2.55125
1721 8.605 0.280314 -0.378382 2.54624
1722 8.61 0.278448 -0.364522 2.54774
1723 8.615 0.276601 -0.36193 2.55335
1724 8.62 0.274824 -0.337964 2.55124
1725 8.625 0.273084 -0.332982 2.55567
1726 8.63 0.271458 -0.303993 2.55212
1727 8.635 0.26996 -0.296311 2.55501
1728 8.64 0.268526 -0.27418 2.55367
1729 8.645 0.267097 -0.27741 2.55948
1730 8.65 0.265643 -0.300882 2.57125
1731 8.655 0.264253 -0.271637 2.56762
1732 8.66 0.262929 -0.266318 2.57069
1733 8.665 0.261642 -0.240499 2.56851
1734 8.67 0.26038 -0.253284 2.57592
1735 8.675 0.259107 -0.237564 2.57634
1736 8.68 0.257988 -0.210949 2.57411
1737 8.685 0.256883 -0.235143 2.58319
1738 8.69 0.255744 -0.211418 2.58167
1739 8.695 0.254745 -0.197562 2.58215
1740 8.7 0.253851 -0.169758 2.57999
1741 8.705 0.253125 -0.130066 2.57643
1742 8.71 0.252615 -0.0924912 2.57392
1743 8.715 0.252234 -0.0678886 2.5732
1744 8.72 0.251918 -0.0810535 2.57521
1745 8.725 0.251529 -0.0901801 2.57727
1746 8.73 0.251116 -0.107467 2.58032
1747 8.735 0.250573 -0.103298 2.58165
1748 8.74 0.250144 -0.0755144 2.58057
1749 8.745 0.249794 -0.079409 2.58201
1750 8.75 0.249462 -0.0555176 2.58147
1751 8.755 0.249239 -0.00872765 2.58069
1752 8.76 0.24922 0.011256 2.58078
1753 8.765 0.24926 0.00958853 2.58063
1754 8.77 0.24938 0.0427143 2.58111
1755 8.775 0.249608 0.0456519 2.5805
1756 8.78 0.249806 0.0415414 2.57968
1757 8.785 0.250061 0.0482897 2.57915
1758 8.79 0.250352 0.061424 2.57893
1759 8.795 0.250649 0.0648107 2.57817
1760 8.8 0.251093 0.0996801 2.57959
1761 8.805 0.2516 0.127471 2.58109
1762 8.81 0.252332 0.157291 2.58294
1763 8.815 0.25312 0.165655 2.58171
1764 8.82 0.254012 0.183866 2.58196
1765 8.825 0.255021 0.218037 2.58549
1766 8.83 0.256173 0.235556 2.58565
1767 8.835 0.257386 0.240241 2.58273
1768 8.84 0.258581 0.231955 2.57678
1769 8.845 0.259787 0.239128 2.57443
1770 8.85 0.261038 0.240779 2.57062
1771 8.855 0.262279 0.263189 2.57207
1772 8.86 0.26359 0.272204 2.57003
1773 8.865 0.265004 0.294159 2.57143
1774 8.87 0.266546 0.321205 2.57448
1775 8.875 0.268165 0.324948 2.57012
1776 8.88 0.269749 0.321319 2.56347
1777 8.885 0.271274 0.283045 2.54661
1778 8.89 0.272741 0.300787 2.54667
1779 8.895 0.274194 0.298464 2.54088
1780 8.9 0.275804 0.333577 2.54631
1781 8.905 0.277509 0.358623 2.54895
1782 8.91 0.2793 0.373701 2.5481
1783 8.915 0.281251 0.419565 2.55931
1784 8.92 0.283285 0.399412 2.54375
1785 8.925 0.285367 0.428513 2.54826
1786 8.93 0.287548 0.432097 2.54187
1787 8.935 0.28976 0.444887 2.53938
1788 8.94 0.292066 0.456833 2.53627
1789 8.945 0.294316 0.459914 2.52934
1790 8.95 0.296585 0.458807 2.52037
1791 8.955 0.298939 0.478354 2.52069
1792 8.96 0.301377 0.498641 2.5214
1793 8.965 0.303927 0.528741 2.52716
1794 8.97 0.306648 0.54878 2.52755
1795 8.975 0.309529 0.597109 2.54414
1796 8.98 0.312542 0.605734 2.53763
1797 8.985 0.315575 0.60425 2.52487
1798 8.99 0.318725 0.659273 2.54722
1799 8.995 0.322143 0.70331 2.56365
1800 9 0.325639 0.700626 2.54778
1801 9.005 0.329187 0.721462 2.54828
1802 9.01 0.332784 0.721665 2.53379
1803 9.015 0.336359 0.717021 2.5158
1804 9.02 0.339911 0.70815 2.4948
1805 9.025 0.343524 0.737829 2.50122
1806 9.03 0.347348 0.779453 2.51675
1807 9.035 0.351172 0.754674 2.48158
1808 9.04 0.35503 0.785214 2.48867
1809 9.045 0.358985 0.79192 2.47698
1810 9.05 0.363002 0.812063 2.47576
1811 9.055 0.367122 0.840268 2.4811
1812 9.06 0.371477 0.904892 2.51837
1813 9.065 0.375977 0.897941 2.49218
1814 9.07 0.3805 0.91284 2.48549
1815 9.075 0.385021 0.90973 2.46234
1816 9.08 0.389611 0.926715 2.45714
1817 9.085 0.394265 0.933456 2.44218
1818 9.09 0.399055 0.963947 2.44909
1819 9.095 0.403993 0.999981 2.4616
1820 9.1 0.409062 1.035 2.47358
1821 9.105 0.414287 1.05891 2.47407
1822 9.11 0.419587 1.05394 2.44372
1823 9.115 0.425035 1.13042 2.50128
1824 9.12 0.430664 1.12746 2.4709
1825 9.125 0.436211 1.11465 2.42972
1826 9.13 0.44189 1.14472 2.43604
1827 9.135 0.447625 1.15837 2.42366
1828 9.14 0.453532 1.19513 2.43779
1829 9.145 0.459545 1.19919 2.41281
1830 9.15 0.465545 1.21181 2.39806
1831 9.155 0.471669 1.23291 2.39309
1832 9.16 0.477991 1.27912 2.4192
1833 9.165 0.484369 1.26792 2.37254
1834 9.17 0.490892 1.32971 2.41948
1835 9.175 0.497596 1.34238 2.40199
1836 9.18 0.50437 1.36457 2.39708
1837 9.185 0.511285 1.39851 2.40814
1838 9.19 0.518415 1.42253 2.4049
1839 9.195 0.525486 1.40898 2.34876
1840 9.2 0.532601 1.43081 2.34242
1841 9.205 0.539721 1.41407 2.28112
1842 9.21 0.546851 1.43923 2.27936
1843 9.215 0.554122 1.49226 2.31857
1844 9.22 0.561725 1.53836 2.34806
1845 9.225 0.569569 1.59955 2.40232
1846 9.23 0.577611 1.62446 2.3996
1847 9.235 0.585734 1.61094 2.33435
1848 9.24 0.593904 1.6438 2.34413
1849 9.245 0.602193 1.68291 2.36485
1850 9.25 0.610589 1.70483 2.35705
1851 9.255 0.619211 1.75482 2.39741
1852 9.26 0.627966 1.75534 2.35151
1853 9.265 0.636918 1.81731 2.41441
1854 9.27 0.646075 1.83184 2.39212
1855 9.275 0.655331 1.86918 2.41197
1856 9.28 0.664794 1.90685 2.43293
1857 9.285 0.674313 1.90425 2.37768
1858 9.29 0.683869 1.91197 2.34212
1859 9.295 0.693398 1.90929 2.2871
1860 9.3 0.703033 1.95667 2.32846
1861 9.305 0.712874 1.98815 2.3396
1862 9.31 0.722818 1.99731 2.3067
1863 9.315 0.732942 2.02973 2.32028
1864 9.32 0.743176 2.07718 2.3659
1865 9.325 0.753664 2.10587 2.37327
1866 9.33 0.764257 2.12366 2.35826
1867 9.335 0.774894 2.15112 2.36468
1868 9.34 0.785754 2.18018 2.37487
1869 9.345 0.796647 2.18236 2.32739
1870 9.35 0.807586 2.19235 2.29752
1871 9.355 0.818586 2.20501 2.27406
1872 9.36 0.829533 2.16794 2.14278
1873 9.365 0.840508 2.22726 2.2236
1874 9.37 0.851692 2.25099 2.22712
1875 9.375 0.862967 2.27711 2.23716
1876 9.38 0.874428 2.30108 2.24313
1877 9.385 0.885939 2.30269 2.19879
1878 9.39 0.897518 2.32584 2.20509
1879 9.395 0.909265 2.35094 2.21698
1880 9.4 0.921137 2.39076 2.2653
1881 9.405 0.933158 2.42415 2.30028
1882 9.41 0.945385 2.45587 2.33283
1883 9.415 0.957721 2.47883 2.34564
1884 9.42 0.970153 2.49855 2.35199
1885 9.425 0.98265 2.48784 2.28384
1886 9.43 0.995151 2.51019 2.29975
1887 9.435 1.00787 2.55642 2.37785
1888 9.44 1.0207 2.58468 2.41278
1889 9.445 1.03367 2.59005 2.39028
1890 9.45 1.04671 2.59731 2.3743
1891 9.455 1.0597 2.5915 2.32627
1892 9.46 1.07267 2.57661 2.25669
1893 9.465 1.08557 2.57074 2.21245
1894 9.47 1.09839 2.56856 2.17964
1895 9.475 1.11115 2.54948 2.10552
1896 9.48 1.12394 2.54756 2.07703
1897 9.485 1.13665 2.55361 2.07077
1898 9.49 1.1495 2.58175 2.12284
1899 9.495 1.16241 2.59294 2.13336
1900 9.5 1.17535 2.58378 2.09295
1901 9.505 1.18835 2.60637 2.13665
1902 9.51 1.20146 2.62811 2.18031
1903 9.515 1.21467 2.64663 2.21766
1904 9.52 1.22785 2.64049 2.19179
1905 9.525 1.24104 2.62349 2.13923
1906 9.53 1.2541 2.59477 2.05836
1907 9.535 1.26705 2.59153 2.04577
1908 9.54 1.27999 2.59164 2.04356
1909 9.545 1.29288 2.57182 1.99156
1910 9.55 1.30569 2.55001 1.93651
1911 9.555 1.3185 2.56249 1.97078
1912 9.56 1.33132 2.5768 2.01147
1913 9.565 1.34406 2.55096 1.95061
1914 9.57 1.35676 2.5144 1.86484
1915 9.575 1.36931 2.49469 1.82366
1916 9.58 1.38179 2.48613 1.81179
1917 9.585 1.3941 2.45679 1.74987
1918 9.59 1.40634 2.45886 1.76672
1919 9.595 1.41869 2.46382 1.792
1920 9.6 1.43103 2.46727 1.81473
1921 9.605 1.44318 2.41379 1.6993
1922 9.61 1.45521 2.41259 1.71237
1923 9.615 1.46723 2.39716 1.69222
1924 9.62 1.47919 2.36886 1.64259
1925 9.625 1.49098 2.35053 1.61778
1926 9.63 1.50266 2.32994 1.58868
1927 9.635 1.51434 2.3675 1.69678
1928 9.64 1.52618 2.36883 1.7208
1929 9.645 1.53796 2.35247 1.70367
1930 9.65 1.5497 2.34994 1.71986
1931 9.655 1.56136 2.3096 1.64844
1932 9.66 1.57286 2.29003 1.62625
1933 9.665 1.58429 2.28429 1.63632
1934 9.67 1.59574 2.27831 1.6464
1935 9.675 1.60723 2.3119 1.74775
1936 9.68 1.61881 2.33017 1.81499
1937 9.685 1.63041 2.31022 1.79397
1938 9.69 1.64191 2.29363 1.78113
1939 9.695 1.65336 2.29574 1.81152
1940 9.7 1.66476 2.25536 1.74529
1941 9.705 1.67592 2.21024 1.66983
1942 9.71 1.68694 2.19735 1.66656
1943 9.715 1.69784 2.15673 1.6031
1944 9.72 1.70863 2.1582 1.63109
1945 9.725 1.71942 2.15258 1.64382
1946 9.73 1.73015 2.15221 1.66774
1947 9.735 1.74091 2.13602 1.65779
1948 9.74 1.75156 2.12501 1.65881
1949 9.745 1.76217 2.11308 1.65781
1950 9.75 1.77263 2.06475 1.58067
1951 9.755 1.783 2.07059 1.61626
1952 9.76 1.79328 2.04033 1.57717
1953 9.765 1.80349 2.05017 1.62009
1954 9.77 1.81375 2.04131 1.62467
1955 9.775 1.82391 2.02322 1.61017
1956 9.78 1.83403 2.0372 1.66045
1957 9.785 1.84422 2.05254 1.71359
1958 9.79 1.85455 2.06692 1.76497
1959 9.795 1.86495 2.09785 1.851
1960 9.8 1.87543 2.10882 1.89544
1961 9.805 1.88592 2.08339 1.86314
1962 9.81 1.89629 2.0723 1.86048
1963 9.815 1.90661 2.06081 1.85659
1964 9.82 1.91689 2.04861 1.85086
1965 9.825 1.92711 2.04945 1.87135
1966 9.83 1.93734 2.04564 1.88187
1967 9.835 1.94764 2.06536 1.94033
1968 9.84 1.95806 2.09346 2.01639
1969 9.845 1.96861 2.12347 2.09697
1970 9.85 1.97921 2.13407 2.13631
1971 9.855 1.98992 2.15281 2.19284
1972 9.86 2.00066 2.13407 2.16845
1973 9.865 2.01127 2.10413 2.11995
1974 9.87 2.02189 2.12914 2.1872
1975 9.875 2.03257 2.14856 2.24247
1976 9.88 2.04329 2.14961 2.25783
1977 9.885 2.05405 2.1351 2.23916
1978 9.89 2.06473 2.12905 2.23791
1979 9.895 2.07536 2.13623 2.26408
1980 9.9 2.08606 2.1357 2.27316
1981 9.905 2.09677 2.13093 2.27246
1982 9.91 2.10748 2.13917 2.2988
1983 9.915 2.11808 2.08971 2.20211
1984 9.92 2.12848 2.07934 2.18754
1985 9.925 2.13892 2.10235 2.24197
1986 9.93 2.14943 2.10535 2.25392
1987 9.935 2.15986 2.07586 2.19713
1988 9.94 2.17019 2.06285 2.1743
1989 9.945 2.18055 2.06703 2.18632
1990 9.95 2.19089 2.07733 2.21031
1991 9.955 2.2013 2.09663 2.25252
1992 9.96 2.2118 2.0862 2.23193
1993 9.965 2.22222 2.09098 2.24239
1994 9.97 2.23264 2.08042 2.22013
1995 9.975 2.243 2.09294 2.2453
1996 9.98 2.25341 2.06956 2.19496
1997 9.985 2.26379 2.07724 2.20848
1998 9.99 2.27421 2.11712 2.28903
1999 9.995 2.28483 2.11872 2.28854
2000 10 2.29539 2.09062 2.22485
