0 0 0 3
1 0.005 -0.107413 2.91978
2 0.01 -0.123058 2.89493
3 0.015 -0.123058 2.89493
4 0.02 -0.216273 2.6814
5 0.025 -0.252582 2.56975
6 0.03 -0.167797 2.80612
7 0.035 -0.288566 2.44479
8 0.04 -0.282452 2.46698
9 0.045 -0.286899 2.45088
10 0.05 -0.286899 2.45088
11 0.055 -0.346342 2.21722
12 0.06 -0.361357 2.15317
13 0.065 -0.400961 1.97568
14 0.07 -0.471153 1.63566
15 0.075 -0.471153 1.63566
16 0.08 -0.419299 1.8897
17 0.085 -0.515194 1.4099
18 0.09 -0.544276 1.25728
19 0.095 -0.502864 1.47385
20 0.1 -0.542427 1.26704
21 0.105 -0.510014 1.43682
22 0.11 -0.453221 1.72516
23 0.115 -0.370384 2.11377
24 0.12 -0.442196 1.77936
25 0.125 -0.457449 1.7042
26 0.13 -0.457449 1.7042
27 0.135 -0.479284 1.59457
28 0.14 -0.444249 1.76932
29 0.145 -0.393574 2.00967
30 0.15 -0.393574 2.00967
31 0.155 -0.511486 1.42918
32 0.16 -0.489186 1.54415
33 0.165 -0.454321 1.71972
34 0.17 -0.520017 1.38475
35 0.175 -0.572553 1.10714
36 0.18 -0.663827 0.620009
37 0.185 -0.66841 0.595756
38 0.19 -0.667625 0.599908
39 0.195 -0.713869 0.358089
40 0.2 -0.713869 0.358089
41 0.205 -0.626839 0.816922
42 0.21 -0.577995 1.07811
43 0.215 -0.552603 1.21321
44 0.22 -0.578357 1.07617
45 0.225 -0.514097 1.41561
46 0.23 -0.482694 1.57725
47 0.235 -0.482752 1.57696
48 0.24 -0.545974 1.2483
49 0.245 -0.601649 0.951669
50 0.25 -0.71343 0.360356
51 0.255 -0.71343 0.360356
52 0.26 -0.723447 0.308846
53 0.265 -0.766826 0.0906193
54 0.27 -0.796516 -0.0533243
55 0.275 -0.710569 0.375132
56 0.28 -0.747398 0.187305
57 0.285 -0.849976 -0.298808
58 0.29 -0.888474 -0.462854
59 0.295 -0.933316 -0.638572
60 0.3 -0.839198 -0.25088
61 0.305 -0.817993 -0.154219
62 0.31 -0.769368 0.0781103
63 0.315 -0.749802 0.175246
64 0.32 -0.852437 -0.309635
65 0.325 -0.768246 0.0836273
66 0.33 -0.738078 0.234313
67 0.335 -0.645989 0.714748
68 0.34 -0.74204 0.214286
69 0.345 -0.661305 0.633371
70 0.35 -0.774701 0.0519666
71 0.355 -0.838118 -0.246033
72 0.36 -0.865221 -0.36514
73 0.365 -0.886105 -0.453099
74 0.37 -0.845639 -0.279622
75 0.375 -0.863186 -0.35639
76 0.38 -0.78863 -0.0155749
77 0.385 -0.78863 -0.0155749
78 0.39 -0.885655 -0.451238
79 0.395 -0.885655 -0.451238
80 0.4 -0.894269 -0.486525
81 0.405 -0.833443 -0.224951
82 0.41 -0.918046 -0.580695
83 0.415 -0.826878 -0.195092
84 0.42 -0.894527 -0.487577
85 0.425 -0.814972 -0.140202
86 0.43 -0.790883 -0.0263973
87 0.435 -0.770902 0.0705719
88 0.44 -0.797968 -0.0602369
89 0.445 -0.827759 -0.199114
90 0.45 -0.796852 -0.054924
91 0.455 -0.709514 0.38059
92 0.46 -0.709514 0.38059
93 0.465 -0.756174 0.143407
94 0.47 -0.695697 0.45239
95 0.475 -0.62244 0.840436
96 0.48 -0.721163 0.320559
97 0.485 -0.709218 0.382119
98 0.49 -0.709218 0.382119
99 0.495 -0.709218 0.382119
100 0.5 -0.726948 0.290936
101 0.505 -0.726948 0.290936
102 0.51 -0.815627 -0.143249
103 0.515 -0.845328 -0.278244
104 0.52 -0.826119 -0.191621
105 0.525 -0.798023 -0.0604978
106 0.53 -0.744668 0.201036
107 0.535 -0.765281 0.0982416
108 0.54 -0.761104 0.118906
109 0.545 -0.879117 -0.424053
110 0.55 -0.984466 -0.816737
111 0.555 -0.982718 -0.811061
112 0.56 -0.977735 -0.794719
113 0.565 -0.971901 -0.77528
114 0.57 -1.06696 -1.04929
115 0.575 -0.968627 -0.764227
116 0.58 -1.05871 -1.02922
117 0.585 -1.0477 -1.0013
118 0.59 -1.0035 -0.87657
119 0.595 -1.03045 -0.955018
120 0.6 -1.08461 -1.08979
121 0.605 -1.08461 -1.08979
122 0.61 -1.17043 -1.23886
123 0.615 -1.14124 -1.19711
124 0.62 -1.14993 -1.21051
125 0.625 -1.18526 -1.25655
126 0.63 -1.30411 -1.31496
127 0.635 -1.35922 -1.29476
128 0.64 -1.46677 -1.18164
129 0.645 -1.36483 -1.29116
130 0.65 -1.25795 -1.30949
131 0.655 -1.37771 -1.28187
132 0.66 -1.38085 -1.27939
133 0.665 -1.38743 -1.27394
134 0.67 -1.30629 -1.3147
135 0.675 -1.31875 -1.31235
136 0.68 -1.32973 -1.30906
137 0.685 -1.32739 -1.30985
138 0.69 -1.29574 -1.31553
139 0.695 -1.34521 -1.30253
140 0.7 -1.23431 -1.29834
141 0.705 -1.28338 -1.31512
142 0.71 -1.19688 -1.26876
143 0.715 -1.24482 -1.30401
144 0.72 -1.16637 -1.23361
145 0.725 -1.15649 -1.22007
146 0.73 -1.10478 -1.13199
147 0.735 -1.21123 -1.28186
148 0.74 -1.30602 -1.31473
149 0.745 -1.36512 -1.29097
150 0.75 -1.38871 -1.27283
151 0.755 -1.26544 -1.31182
152 0.76 -1.31351 -1.31351
153 0.765 -1.26705 -1.31225
154 0.77 -1.24222 -1.30271
155 0.775 -1.30525 -1.31483
156 0.78 -1.34514 -1.30256
157 0.785 -1.3273 -1.30988
158 0.79 -1.26584 -1.31193
159 0.795 -1.33187 -1.30828
160 0.8 -1.25128 -1.30692
161 0.805 -1.30602 -1.31473
162 0.81 -1.22853 -1.29474
163 0.815 -1.27028 -1.31303
164 0.82 -1.2882 -1.31545
165 0.825 -1.26852 -1.31261
166 0.83 -1.29715 -1.31548
167 0.835 -1.21522 -1.28511
168 0.84 -1.2664 -1.31208
169 0.845 -1.18825 -1.25983
170 0.85 -1.13871 -1.19306
171 0.855 -1.16619 -1.23337
172 0.86 -1.12702 -1.17342
173 0.865 -1.16374 -1.23011
174 0.87 -1.26517 -1.31175
175 0.875 -1.27063 -1.31311
176 0.88 -1.32925 -1.30922
177 0.885 -1.3198 -1.31208
178 0.89 -1.36925 -1.28813
179 0.895 -1.28912 -1.31549
180 0.9 -1.33204 -1.30822
181 0.905 -1.31324 -1.31357
182 0.91 -1.3814 -1.27896
183 0.915 -1.32308 -1.31118
184 0.92 -1.22074 -1.28933
185 0.925 -1.32342 -1.31108
186 0.93 -1.28474 -1.31523
187 0.935 -1.37414 -1.28459
188 0.94 -1.34497 -1.30264
189 0.945 -1.28638 -1.31535
190 0.95 -1.31998 -1.31203
191 0.955 -1.26188 -1.31078
192 0.96 -1.19414 -1.26602
193 0.965 -1.13048 -1.17939
194 0.97 -1.06006 -1.03254
195 0.975 -1.10332 -1.12908
196 0.98 -1.11455 -1.15084
197 0.985 -1.07702 -1.07279
198 0.99 -1.00912 -0.893534
199 0.995 -1.05355 -1.01628
200 1 -1.10472 -1.13187
201 1.005 -1.10594 -1.13428
202 1.01 -1.11836 -1.15793
203 1.015 -1.10381 -1.13005
204 1.02 -1.10193 -1.1263
205 1.025 -1.05912 -1.03023
206 1.03 -1.09259 -1.10701
207 1.035 -1.08095 -1.08166
208 1.04 -1.08085 -1.08144
209 1.045 -1.01323 -0.905742
210 1.05 -0.982197 -0.809364
211 1.055 -1.06707 -1.04954
212 1.06 -0.970501 -0.770567
213 1.065 -0.890896 -0.472784
214 1.07 -0.976155 -0.789488
215 1.075 -1.0171 -0.917082
216 1.08 -1.06899 -1.05412
217 1.085 -1.14703 -1.20612
218 1.09 -1.06381 -1.04171
219 1.095 -1.15037 -1.21115
220 1.1 -1.26462 -1.31159
221 1.105 -1.38459 -1.27634
222 1.11 -1.37723 -1.28224
223 1.115 -1.48508 -1.15405
224 1.12 -1.37496 -1.28397
225 1.125 -1.26008 -1.31021
226 1.13 -1.26008 -1.31021
227 1.135 -1.25148 -1.30701
228 1.14 -1.3682 -1.28887
229 1.145 -1.49301 -1.14146
230 1.15 -1.61104 -0.916558
231 1.155 -1.58399 -0.973267
232 1.16 -1.55301 -1.03492
233 1.165 -1.6247 -0.88706
234 1.17 -1.62982 -0.875893
235 1.175 -1.63794 -0.858011
236 1.18 -1.58543 -0.970319
237 1.185 -1.46524 -1.18383
238 1.19 -1.45063 -1.20412
239 1.195 -1.54936 -1.0419
240 1.2 -1.67038 -0.78533
241 1.205 -1.7326 -0.642616
242 1.21 -1.67862 -0.766604
243 1.215 -1.62193 -0.893088
244 1.22 -1.52806 -1.08149
245 1.225 -1.63514 -0.864202
246 1.23 -1.53095 -1.07624
247 1.235 -1.60503 -0.929362
248 1.24 -1.56079 -1.01981
249 1.245 -1.55462 -1.03181
250 1.25 -1.5369 -1.06532
251 1.255 -1.61511 -0.907819
252 1.26 -1.69048 -0.739511
253 1.265 -1.77771 -0.539391
254 1.27 -1.87951 -0.319901
255 1.275 -1.76167 -0.575886
256 1.28 -1.73411 -0.63914
257 1.285 -1.62118 -0.894711
258 1.29 -1.6222 -0.892492
259 1.295 -1.53513 -1.0686
260 1.3 -1.60772 -0.923643
261 1.305 -1.59674 -0.946837
262 1.31 -1.57949 -0.982466
263 1.315 -1.53018 -1.07765
264 1.32 -1.55445 -1.03214
265 1.325 -1.57014 -1.00132
266 1.33 -1.58628 -0.968569
267 1.335 -1.47148 -1.17474
268 1.34 -1.57075 -1.0001
269 1.345 -1.47046 -1.17625
270 1.35 -1.5723 -0.996987
271 1.355 -1.6159 -0.906116
272 1.36 -1.5107 -1.11204
273 1.365 -1.43244 -1.2273
274 1.37 -1.48027 -1.1615
275 1.375 -1.52599 -1.08521
276 1.38 -1.64513 -0.842078
277 1.385 -1.65403 -0.822209
278 1.39 -1.70436 -0.70765
279 1.395 -1.81477 -0.456553
280 1.4 -1.86264 -0.354269
281 1.405 -1.82718 -0.429452
282 1.41 -1.86636 -0.346612
283 1.415 -1.8696 -0.339964
284 1.42 -1.83696 -0.408348
285 1.425 -1.86729 -0.344689
286 1.43 -1.98921 -0.125514
287 1.435 -1.88883 -0.301342
288 1.44 -1.85138 -0.377732
289 1.445 -1.97095 -0.153833
290 1.45 -1.98053 -0.138748
291 1.455 -1.97437 -0.148406
292 1.46 -2.04919 -0.045684
293 1.465 -2.0103 -0.0950618
294 1.47 -1.99205 -0.121272
295 1.475 -1.95759 -0.175675
296 1.48 -1.89999 -0.27957
297 1.485 -2.00279 -0.105624
298 1.49 -1.9361 -0.21265
299 1.495 -1.84718 -0.386597
300 1.5 -1.81473 -0.456636
301 1.505 -1.85229 -0.375819
302 1.51 -1.87706 -0.324822
303 1.515 -1.96623 -0.161442
304 1.52 -1.888 -0.302984
305 1.525 -1.85369 -0.372888
306 1.53 -1.95463 -0.180626
307 1.535 -2.02633 -0.0736169
308 1.54 -1.94106 -0.203922
309 1.545 -1.83694 -0.408408
310 1.55 -1.94954 -0.189264
311 1.555 -1.8812 -0.31651
312 1.56 -1.97694 -0.144353
313 1.565 -1.90895 -0.262444
314 1.57 -1.93815 -0.209034
315 1.575 -1.83221 -0.418561
316 1.58 -1.85404 -0.372158
317 1.585 -1.94272 -0.201022
318 1.59 -1.87326 -0.332523
319 1.595 -1.96487 -0.163668
320 1.6 -1.98033 -0.139063
321 1.605 -1.95783 -0.175281
322 1.61 -1.9657 -0.162319
323 1.615 -2.05267 -0.0417112
324 1.62 -2.17656 0.0487936
325 1.625 -2.18751 0.0518734
326 1.63 -2.1937 0.0532559
327 1.635 -2.08265 -0.0106153
328 1.64 -2.11824 0.0187917
329 1.645 -2.19629 0.0537589
330 1.65 -2.23028 0.0561688
331 1.655 -2.2048 0.0550898
332 1.66 -2.19632 0.0537633
333 1.665 -2.19741 0.0539614
334 1.67 -2.08267 -0.0105964
335 1.675 -1.99848 -0.11182
336 1.68 -2.10362 0.00771068
337 1.685 -2.11459 0.0161525
338 1.69 -2.21746 0.0561689
339 1.695 -2.26988 0.049304
340 1.7 -2.1764 0.0487415
341 1.705 -2.14207 0.0338092
342 1.71 -2.2467 0.0545719
343 1.715 -2.29805 0.0382492
344 1.72 -2.23214 0.0560778
345 1.725 -2.30666 0.0338727
346 1.73 -2.3923 -0.0335056
347 1.735 -2.4918 -0.158712
348 1.74 -2.60433 -0.341983
349 1.745 -2.5899 -0.316875
350 1.75 -2.55624 -0.259817
351 1.755 -2.5136 -0.191478
352 1.76 -2.50687 -0.181199
353 1.765 -2.53042 -0.217819
354 1.77 -2.44533 -0.0947806
355 1.775 -2.3755 -0.0170298
356 1.78 -2.29169 0.041181
357 1.785 -2.27836 0.0465073
358 1.79 -2.24976 0.0540787
359 1.795 -2.34347 0.0100777
360 1.8 -2.23266 0.0560477
361 1.805 -2.26065 0.0518205
362 1.81 -2.26649 0.0502921
363 1.815 -2.37673 -0.0181844
364 1.82 -2.3534 0.00228967
365 1.825 -2.32223 0.024802
366 1.83 -2.2932 0.040507
367 1.835 -2.19243 0.0529942
368 1.84 -2.19755 0.0539858
369 1.845 -2.2114 0.0557865
370 1.85 -2.22757 0.0562601
371 1.855 -2.12499 0.023429
372 1.86 -2.2458 0.0547056
373 1.865 -2.28014 0.0458604
374 1.87 -2.40288 -0.0446307
375 1.875 -2.30479 0.0348603
376 1.88 -2.22986 0.056186
377 1.885 -2.29409 0.0401035
378 1.89 -2.17197 0.0472629
379 1.895 -2.08119 -0.012003
380 1.9 -2.13395 0.0291156
381 1.905 -2.13829 0.031676
382 1.91 -2.21889 0.0562234
383 1.915 -2.14175 0.0336278
384 1.92 -2.14605 0.0359432
385 1.925 -2.05579 -0.0382064
386 1.93 -2.04318 -0.0527269
387 1.935 -1.94569 -0.195886
388 1.94 -2.04963 -0.0451735
389 1.945 -1.97933 -0.140623
390 1.95 -1.92415 -0.234165
391 1.955 -2.02107 -0.0804867
392 1.96 -1.90468 -0.270562
393 1.965 -1.95668 -0.177189
394 1.97 -1.9878 -0.12764
395 1.975 -1.88203 -0.314843
396 1.98 -1.83947 -0.402984
397 1.985 -1.91327 -0.254294
398 1.99 -2.00878 -0.0971751
399 1.995 -1.98362 -0.133991
400 2 -2.06364 -0.0296767
401 2.005 -2.1451 0.0354434
402 2.01 -2.11142 0.0137978
403 2.015 -2.03089 -0.0677912
404 2.02 -1.93211 -0.219769
405 2.025 -1.8628 -0.35393
406 2.03 -1.88453 -0.309861
407 2.035 -1.87866 -0.321605
408 2.04 -1.85636 -0.367307
409 2.045 -1.73879 -0.628383
410 2.05 -1.71275 -0.68834
411 2.055 -1.6892 -0.742438
412 2.06 -1.64138 -0.850399
413 2.065 -1.61452 -0.909096
414 2.07 -1.66827 -0.790112
415 2.075 -1.71542 -0.682189
416 2.08 -1.59184 -0.957066
417 2.085 -1.63086 -0.873602
418 2.09 -1.75286 -0.596057
419 2.095 -1.6887 -0.743584
420 2.1 -1.61153 -0.91551
421 2.105 -1.58912 -0.962707
422 2.11 -1.67867 -0.766489
423 2.115 -1.57948 -0.982494
424 2.12 -1.57871 -0.984053
425 2.125 -1.57959 -0.982265
426 2.13 -1.68503 -0.751961
427 2.135 -1.58201 -0.977331
428 2.14 -1.48265 -1.15783
429 2.145 -1.55681 -1.02758
430 2.15 -1.46396 -1.18568
431 2.155 -1.45863 -1.1932
432 2.16 -1.37803 -1.28163
433 2.165 -1.39752 -1.26487
434 2.17 -1.294 -1.31556
435 2.175 -1.38592 -1.27522
436 2.18 -1.46831 -1.17939
437 2.185 -1.54292 -1.05411
438 2.19 -1.46382 -1.18588
439 2.195 -1.34119 -1.30443
440 2.2 -1.4051 -1.25752
441 2.205 -1.4901 -1.14612
442 2.21 -1.55544 -1.03023
443 2.215 -1.64668 -0.838637
444 2.22 -1.52956 -1.07876
445 2.225 -1.45562 -1.19736
446 2.23 -1.39319 -1.26886
447 2.235 -1.28561 -1.3153
448 2.24 -1.23833 -1.30065
449 2.245 -1.23563 -1.29912
450 2.25 -1.34593 -1.30217
451 2.255 -1.32722 -1.30991
452 2.26 -1.3277 -1.30975
453 2.265 -1.44071 -1.21705
454 2.27 -1.33291 -1.30789
455 2.275 -1.40257 -1.26003
456 2.28 -1.45478 -1.19851
457 2.285 -1.55272 -1.03547
458 2.29 -1.58443 -0.972364
459 2.295 -1.66792 -0.790896
460 2.3 -1.62754 -0.88086
461 2.305 -1.67065 -0.784723
462 2.31 -1.7377 -0.630885
463 2.315 -1.6742 -0.776644
464 2.32 -1.74808 -0.607027
465 2.325 -1.74439 -0.6155
466 2.33 -1.71854 -0.675018
467 2.335 -1.84183 -0.397941
468 2.34 -1.81198 -0.462707
469 2.345 -1.73974 -0.626192
470 2.35 -1.78072 -0.532587
471 2.355 -1.82403 -0.436285
472 2.36 -1.9443 -0.198288
473 2.365 -2.05646 -0.0374728
474 2.37 -2.10915 0.0120682
475 2.375 -1.98525 -0.131495
476 2.38 -1.95659 -0.177338
477 2.385 -1.86347 -0.352557
478 2.39 -1.7896 -0.51256
479 2.395 -1.80766 -0.472239
480 2.4 -1.74605 -0.611676
481 2.405 -1.77315 -0.549729
482 2.41 -1.89809 -0.283243
483 2.415 -1.98292 -0.135062
484 2.42 -1.95509 -0.179858
485 2.425 -2.02175 -0.0795896
486 2.43 -2.12982 0.0265606
487 2.435 -2.06984 -0.0232041
488 2.44 -2.00923 -0.0965426
489 2.445 -2.05066 -0.0440019
490 2.45 -2.05737 -0.0364601
491 2.455 -1.99979 -0.109919
492 2.46 -1.95164 -0.185692
493 2.465 -1.95644 -0.177601
494 2.47 -1.85928 -0.36123
495 2.475 -1.88409 -0.310738
496 2.48 -1.82534 -0.433446
497 2.485 -1.80585 -0.476249
498 2.49 -1.86978 -0.339605
499 2.495 -1.88059 -0.317723
500 2.5 -2.00251 -0.106017
501 2.505 -1.96488 -0.163643
502 2.51 -1.87841 -0.322098
503 2.515 -1.91494 -0.251181
504 2.52 -1.80525 -0.4776
505 2.525 -1.79396 -0.502779
506 2.53 -1.7207 -0.670035
507 2.535 -1.73847 -0.629106
508 2.54 -1.70189 -0.713325
509 2.545 -1.68037 -0.762609
510 2.55 -1.72529 -0.659453
511 2.555 -1.74392 -0.616583
512 2.56 -1.78273 -0.528024
513 2.565 -1.74045 -0.624545
514 2.57 -1.67265 -0.780166
515 2.575 -1.73082 -0.646729
516 2.58 -1.85395 -0.372342
517 2.585 -1.79183 -0.507546
518 2.59 -1.7305 -0.647455
519 2.595 -1.84662 -0.387788
520 2.6 -1.89888 -0.281713
521 2.605 -1.96184 -0.168636
522 2.61 -1.86709 -0.345105
523 2.615 -1.95226 -0.184636
524 2.62 -1.90526 -0.269454
525 2.625 -1.85312 -0.374084
526 2.63 -1.773 -0.550082
527 2.635 -1.85085 -0.378864
528 2.64 -1.81389 -0.458497
529 2.645 -1.83966 -0.402577
530 2.65 -1.83492 -0.412729
531 2.655 -1.78874 -0.514485
532 2.66 -1.67426 -0.776507
533 2.665 -1.56447 -1.01257
534 2.67 -1.48044 -1.16125
535 2.675 -1.52159 -1.09306
536 2.68 -1.58977 -0.961363
537 2.685 -1.70541 -0.705241
538 2.69 -1.64506 -0.842239
539 2.695 -1.66933 -0.787709
540 2.7 -1.68785 -0.74552
541 2.705 -1.68469 -0.752744
542 2.71 -1.78617 -0.520262
543 2.715 -1.76237 -0.574297
544 2.72 -1.70345 -0.709731
545 2.725 -1.72975 -0.64918
546 2.73 -1.66885 -0.788787
547 2.735 -1.68767 -0.745924
548 2.74 -1.64851 -0.834537
549 2.745 -1.73537 -0.636248
550 2.75 -1.77154 -0.553386
551 2.755 -1.71138 -0.691485
552 2.76 -1.74319 -0.618268
553 2.765 -1.80888 -0.46954
554 2.77 -1.71752 -0.677362
555 2.775 -1.64845 -0.834681
556 2.78 -1.63718 -0.859703
557 2.785 -1.51285 -1.10835
558 2.79 -1.61913 -0.899162
559 2.795 -1.63224 -0.870572
560 2.8 -1.52628 -1.08468
561 2.805 -1.5467 -1.04697
562 2.81 -1.42647 -1.23438
563 2.815 -1.38629 -1.27491
564 2.82 -1.46855 -1.17905
565 2.825 -1.47841 -1.16434
566 2.83 -1.57806 -0.985364
567 2.835 -1.5662 -1.00915
568 2.84 -1.53473 -1.06932
569 2.845 -1.56568 -1.01017
570 2.85 -1.55391 -1.03318
571 2.855 -1.6304 -0.874614
572 2.86 -1.61418 -0.909823
573 2.865 -1.52081 -1.09444
574 2.87 -1.52437 -1.08811
575 2.875 -1.49672 -1.13543
576 2.88 -1.45786 -1.19426
577 2.885 -1.38906 -1.27253
578 2.89 -1.37113 -1.28679
579 2.895 -1.28307 -1.31509
580 2.9 -1.22186 -1.29014
581 2.905 -1.30982 -1.31418
582 2.91 -1.22669 -1.29351
583 2.915 -1.11878 -1.15869
584 2.92 -1.12268 -1.16576
585 2.925 -1.19866 -1.2705
586 2.93 -1.30225 -1.31514
587 2.935 -1.40574 -1.25688
588 2.94 -1.39372 -1.26838
589 2.945 -1.3158 -1.31304
590 2.95 -1.28933 -1.3155
591 2.955 -1.20114 -1.27287
592 2.96 -1.18648 -1.2579
593 2.965 -1.19782 -1.26969
594 2.97 -1.25777 -1.30942
595 2.975 -1.38245 -1.2781
596 2.98 -1.49672 -1.13544
597 2.985 -1.52895 -1.07987
598 2.99 -1.56914 -1.0033
599 2.995 -1.45227 -1.20192
600 3 -1.46959 -1.17752
601 3.005 -1.48829 -1.14901
602 3.01 -1.54929 -1.04204
603 3.015 -1.66565 -0.796044
604 3.02 -1.75205 -0.597922
605 3.025 -1.76867 -0.559938
606 3.03 -1.81698 -0.451706
607 3.035 -1.90166 -0.276356
608 3.04 -2.01937 -0.0827418
609 3.045 -1.97636 -0.145267
610 3.05 -1.90103 -0.27756
611 3.055 -1.86423 -0.350989
612 3.06 -1.95242 -0.184358
613 3.065 -1.84337 -0.394663
614 3.07 -1.74223 -0.62046
615 3.075 -1.77365 -0.548603
616 3.08 -1.67336 -0.77855
617 3.085 -1.58938 -0.962178
618 3.09 -1.63285 -0.869235
619 3.095 -1.57382 -0.993942
620 3.1 -1.52523 -1.08658
621 3.105 -1.53266 -1.07312
622 3.11 -1.4931 -1.14132
623 3.115 -1.4991 -1.13154
624 3.12 -1.48652 -1.1518
625 3.125 -1.53589 -1.06719
626 3.13 -1.53505 -1.06873
627 3.135 -1.52257 -1.09132
628 3.14 -1.39915 -1.26333
629 3.145 -1.506 -1.12004
630 3.15 -1.38413 -1.27672
631 3.155 -1.33103 -1.30859
632 3.16 -1.20931 -1.28023
633 3.165 -1.18716 -1.25865
634 3.17 -1.21498 -1.28492
635 3.175 -1.12126 -1.1632
636 3.18 -1.03709 -0.973195
637 3.185 -0.951658 -0.705297
638 3.19 -1.05102 -1.00985
639 3.195 -1.14001 -1.19514
640 3.2 -1.20509 -1.27652
641 3.205 -1.18423 -1.25539
642 3.21 -1.1838 -1.25492
643 3.215 -1.21246 -1.28288
644 3.22 -1.25748 -1.30932
645 3.225 -1.16517 -1.23201
646 3.23 -1.14854 -1.20841
647 3.235 -1.10335 -1.12915
648 3.24 -1.1269 -1.17321
649 3.245 -1.13646 -1.18938
650 3.25 -1.22595 -1.29301
651 3.255 -1.14261 -1.19928
652 3.26 -1.22649 -1.29338
653 3.265 -1.18446 -1.25566
654 3.27 -1.13003 -1.17862
655 3.275 -1.16983 -1.23809
656 3.28 -1.16549 -1.23244
657 3.285 -1.1102 -1.14258
658 3.29 -1.02173 -0.930459
659 3.295 -0.936613 -0.650794
660 3.3 -0.86224 -0.352307
661 3.305 -0.925829 -0.610455
662 3.31 -0.846345 -0.282758
663 3.315 -0.797599 -0.0584801
664 3.32 -0.879602 -0.426078
665 3.325 -0.890365 -0.470608
666 3.33 -0.890365 -0.470608
667 3.335 -0.98042 -0.803556
668 3.34 -0.994246 -0.84793
669 3.345 -0.994246 -0.84793
670 3.35 -0.968229 -0.762876
671 3.355 -0.898659 -0.504277
672 3.36 -0.961149 -0.738596
673 3.365 -0.894142 -0.486012
674 3.37 -0.866363 -0.370039
675 3.375 -0.825537 -0.188956
676 3.38 -0.775033 0.050346
677 3.385 -0.775033 0.050346
678 3.39 -0.864804 -0.363349
679 3.395 -0.898557 -0.503865
680 3.4 -0.872558 -0.396434
681 3.405 -0.848326 -0.291528
682 3.41 -0.800825 -0.0737991
683 3.415 -0.800825 -0.0737991
684 3.42 -0.797307 -0.0570919
685 3.425 -0.797307 -0.0570919
686 3.43 -0.792167 -0.0325525
687 3.435 -0.898416 -0.503298
688 3.44 -0.82968 -0.207871
689 3.445 -0.801069 -0.074952
690 3.45 -0.729644 0.27717
691 3.455 -0.840885 -0.258437
692 3.46 -0.910928 -0.553014
693 3.465 -1.01627 -0.914668
694 3.47 -1.0701 -1.05673
695 3.475 -1.13641 -1.1893
696 3.48 -1.03342 -0.963218
697 3.485 -0.964292 -0.749435
698 3.49 -0.924116 -0.603951
699 3.495 -0.924116 -0.603951
700 3.5 -0.967306 -0.759738
701 3.505 -1.01712 -0.917139
702 3.51 -1.06651 -1.04822
703 3.515 -1.16175 -1.2274
704 3.52 -1.16175 -1.2274
705 3.525 -1.22463 -1.29211
706 3.53 -1.20464 -1.27611
707 3.535 -1.17638 -1.24624
708 3.54 -1.23488 -1.29868
709 3.545 -1.15945 -1.22423
710 3.55 -1.17293 -1.24201
711 3.555 -1.25735 -1.30927
712 3.56 -1.29211 -1.31556
713 3.565 -1.29388 -1.31556
714 3.57 -1.31669 -1.31283
715 3.575 -1.40331 -1.2593
716 3.58 -1.40015 -1.26237
717 3.585 -1.2958 -1.31553
718 3.59 -1.31067 -1.31404
719 3.595 -1.36589 -1.29045
720 3.6 -1.25187 -1.30717
721 3.605 -1.15638 -1.21992
722 3.61 -1.20582 -1.27718
723 3.615 -1.21139 -1.28199
724 3.62 -1.1811 -1.25182
725 3.625 -1.16775 -1.23541
726 3.63 -1.28374 -1.31515
727 3.635 -1.34157 -1.30426
728 3.64 -1.28996 -1.31552
729 3.645 -1.38155 -1.27883
730 3.65 -1.3989 -1.26357
731 3.655 -1.51436 -1.10574
732 3.66 -1.41623 -1.2459
733 3.665 -1.39017 -1.27156
734 3.67 -1.35045 -1.29982
735 3.675 -1.24051 -1.30182
736 3.68 -1.23261 -1.29732
737 3.685 -1.27873 -1.31457
738 3.69 -1.2667 -1.31216
739 3.695 -1.15023 -1.21094
740 3.7 -1.07547 -1.06922
741 3.705 -1.08453 -1.08961
742 3.71 -0.977936 -0.795385
743 3.715 -1.09364 -1.10922
744 3.72 -1.17015 -1.23851
745 3.725 -1.12693 -1.17327
746 3.73 -1.10612 -1.13464
747 3.735 -1.21154 -1.28212
748 3.74 -1.32195 -1.3115
749 3.745 -1.2106 -1.28132
750 3.75 -1.2941 -1.31556
751 3.755 -1.37586 -1.28329
752 3.76 -1.47802 -1.16494
753 3.765 -1.3542 -1.29774
754 3.77 -1.35937 -1.29467
755 3.775 -1.44881 -1.20654
756 3.78 -1.5148 -1.10498
757 3.785 -1.53229 -1.07381
758 3.79 -1.52084 -1.09438
759 3.795 -1.46761 -1.18041
760 3.8 -1.37683 -1.28255
761 3.805 -1.25692 -1.30912
762 3.81 -1.30631 -1.3147
763 3.815 -1.36293 -1.29241
764 3.82 -1.30604 -1.31473
765 3.825 -1.3688 -1.28845
766 3.83 -1.47238 -1.17341
767 3.835 -1.42842 -1.23209
768 3.84 -1.5488 -1.04297
769 3.845 -1.60263 -0.934453
770 3.85 -1.53264 -1.07317
771 3.855 -1.52472 -1.08749
772 3.86 -1.42941 -1.23093
773 3.865 -1.31646 -1.31289
774 3.87 -1.40844 -1.25413
775 3.875 -1.4334 -1.22614
776 3.88 -1.35067 -1.29971
777 3.885 -1.2601 -1.31021
778 3.89 -1.16807 -1.23583
779 3.895 -1.10041 -1.12322
780 3.9 -1.0489 -1.0044
781 3.905 -1.11396 -1.14974
782 3.91 -1.10152 -1.12547
783 3.915 -0.994716 -0.849406
784 3.92 -1.07827 -1.07562
785 3.925 -1.12679 -1.17303
786 3.93 -1.2323 -1.29713
787 3.935 -1.12317 -1.16664
788 3.94 -1.14126 -1.19714
789 3.945 -1.10349 -1.12942
790 3.95 -1.00895 -0.89302
791 3.955 -0.90814 -0.542051
792 3.96 -0.890485 -0.471102
793 3.965 -0.991215 -0.838364
794 3.97 -0.996276 -0.854284
795 3.975 -1.10016 -1.1227
796 3.98 -1.1034 -1.12925
797 3.985 -1.06675 -1.04878
798 3.99 -1.16486 -1.2316
799 3.995 -1.07005 -1.05661
800 4 -1.09907 -1.12049
801 4.005 -1.22269 -1.29074
802 4.01 -1.25943 -1.30999
803 4.015 -1.16211 -1.2279
804 4.02 -1.16598 -1.23309
805 4.025 -1.18492 -1.25617
806 4.03 -1.12188 -1.16432
807 4.035 -1.01462 -0.909839
808 4.04 -1.02318 -0.934591
809 4.045 -0.985789 -0.821012
810 4.05 -0.919683 -0.586998
811 4.055 -1.03717 -0.973422
812 4.06 -0.961339 -0.739254
813 4.065 -0.895723 -0.492422
814 4.07 -0.964993 -0.751837
815 4.075 -0.918334 -0.581805
816 4.08 -0.918844 -0.583771
817 4.085 -1.01628 -0.914707
818 4.09 -1.10343 -1.1293
819 4.095 -1.07906 -1.07742
820 4.1 -1.10576 -1.13392
821 4.105 -1.1698 -1.23806
822 4.11 -1.10999 -1.14218
823 4.115 -1.07921 -1.07775
824 4.12 -1.03607 -0.970451
825 4.125 -1.10056 -1.12353
826 4.13 -0.998727 -0.861905
827 4.135 -1.01193 -0.901909
828 4.14 -1.09363 -1.10921
829 4.145 -1.16452 -1.23115
830 4.15 -1.16452 -1.23115
831 4.155 -1.15141 -1.2127
832 4.16 -1.18086 -1.25155
833 4.165 -1.19728 -1.26916
834 4.17 -1.13823 -1.19228
835 4.175 -1.15772 -1.22182
836 4.18 -1.24455 -1.30388
837 4.185 -1.22584 -1.29294
838 4.19 -1.34918 -1.3005
839 4.195 -1.46236 -1.18796
840 4.2 -1.4105 -1.252
841 4.205 -1.50383 -1.12367
842 4.21 -1.4502 -1.2047
843 4.215 -1.39875 -1.26371
844 4.22 -1.32123 -1.3117
845 4.225 -1.28064 -1.31482
846 4.23 -1.37333 -1.28519
847 4.235 -1.31642 -1.3129
848 4.24 -1.33783 -1.30591
849 4.245 -1.23143 -1.29659
850 4.25 -1.33233 -1.30811
851 4.255 -1.28951 -1.31551
852 4.26 -1.31826 -1.31246
853 4.265 -1.21087 -1.28155
854 4.27 -1.137 -1.19027
855 4.275 -1.18735 -1.25886
856 4.28 -1.31225 -1.31376
857 4.285 -1.25333 -1.30776
858 4.29 -1.24873 -1.30582
859 4.295 -1.24873 -1.30582
860 4.3 -1.29333 -1.31556
861 4.305 -1.22038 -1.28906
862 4.31 -1.33009 -1.30893
863 4.315 -1.26638 -1.31207
864 4.32 -1.31412 -1.31339
865 4.325 -1.20775 -1.27888
866 4.33 -1.30121 -1.31523
867 4.335 -1.23438 -1.29839
868 4.34 -1.35059 -1.29975
869 4.345 -1.36893 -1.28836
870 4.35 -1.29368 -1.31556
871 4.355 -1.26065 -1.31039
872 4.36 -1.17883 -1.24917
873 4.365 -1.22163 -1.28997
874 4.37 -1.15259 -1.21444
875 4.375 -1.13652 -1.18949
876 4.38 -1.09074 -1.10307
877 4.385 -1.09074 -1.10307
878 4.39 -1.0574 -1.02595
879 4.395 -1.13259 -1.18297
880 4.4 -1.14247 -1.19905
881 4.405 -1.14665 -1.20554
882 4.41 -1.24546 -1.30432
883 4.415 -1.34519 -1.30254
884 4.42 -1.25725 -1.30924
885 4.425 -1.30409 -1.31496
886 4.43 -1.20171 -1.27342
887 4.435 -1.23791 -1.30041
888 4.44 -1.23296 -1.29753
889 4.445 -1.27871 -1.31457
890 4.45 -1.32231 -1.3114
891 4.455 -1.22717 -1.29384
892 4.46 -1.33103 -1.30859
893 4.465 -1.44894 -1.20637
894 4.47 -1.43252 -1.2272
895 4.475 -1.38846 -1.27305
896 4.48 -1.28508 -1.31526
897 4.485 -1.18772 -1.25926
898 4.49 -1.21085 -1.28153
899 4.495 -1.30832 -1.31442
900 4.5 -1.25926 -1.30993
901 4.505 -1.26438 -1.31152
902 4.51 -1.29115 -1.31555
903 4.515 -1.27226 -1.31345
904 4.52 -1.24538 -1.30428
905 4.525 -1.34987 -1.30014
906 4.53 -1.46276 -1.18738
907 4.535 -1.50492 -1.12185
908 4.54 -1.58674 -0.967631
909 4.545 -1.69314 -0.733399
910 4.55 -1.6731 -0.77914
911 4.555 -1.55402 -1.03298
912 4.56 -1.60695 -0.925275
913 4.565 -1.52136 -1.09347
914 4.57 -1.51347 -1.10727
915 4.575 -1.5904 -0.960063
916 4.58 -1.67737 -0.769435
917 4.585 -1.73339 -0.6408
918 4.59 -1.68846 -0.744124
919 4.595 -1.72811 -0.65297
920 4.6 -1.74512 -0.613821
921 4.605 -1.75715 -0.586233
922 4.61 -1.69226 -0.73543
923 4.615 -1.76816 -0.561084
924 4.62 -1.66646 -0.794192
925 4.625 -1.68663 -0.7483
926 4.63 -1.73422 -0.63889
927 4.635 -1.69614 -0.726534
928 4.64 -1.7218 -0.667504
929 4.645 -1.67559 -0.773496
930 4.65 -1.63367 -0.867431
931 4.655 -1.63549 -0.863417
932 4.66 -1.69891 -0.720169
933 4.665 -1.60443 -0.930637
934 4.67 -1.68251 -0.757715
935 4.675 -1.6504 -0.830332
936 4.68 -1.63998 -0.853515
937 4.685 -1.60475 -0.929957
938 4.69 -1.53184 -1.07463
939 4.695 -1.44994 -1.20505
940 4.7 -1.36145 -1.29336
941 4.705 -1.42032 -1.2414
942 4.71 -1.40262 -1.25998
943 4.715 -1.51709 -1.10098
944 4.72 -1.57809 -0.985304
945 4.725 -1.63293 -0.869068
946 4.73 -1.58111 -0.979166
947 4.735 -1.5255 -1.08609
948 4.74 -1.42833 -1.2322
949 4.745 -1.49926 -1.13128
950 4.75 -1.55583 -1.02947
951 4.755 -1.55676 -1.02767
952 4.76 -1.47041 -1.17632
953 4.765 -1.45451 -1.19888
954 4.77 -1.44119 -1.21645
955 4.775 -1.5399 -1.05977
956 4.78 -1.52458 -1.08773
957 4.785 -1.60932 -0.920242
958 4.79 -1.5098 -1.11358
959 4.795 -1.6257 -0.884882
960 4.8 -1.54297 -1.05401
961 4.805 -1.51954 -1.09668
962 4.81 -1.57232 -0.996956
963 4.815 -1.57501 -0.991537
964 4.82 -1.62774 -0.88044
965 4.825 -1.55241 -1.03606
966 4.83 -1.44648 -1.20961
967 4.835 -1.45043 -1.20439
968 4.84 -1.34493 -1.30266
969 4.845 -1.31948 -1.31216
970 4.85 -1.41155 -1.2509
971 4.855 -1.30273 -1.3151
972 4.86 -1.31331 -1.31355
973 4.865 -1.31739 -1.31267
974 4.87 -1.24996 -1.30636
975 4.875 -1.29871 -1.3154
976 4.88 -1.32045 -1.31191
977 4.885 -1.32036 -1.31193
978 4.89 -1.26189 -1.31079
979 4.895 -1.31197 -1.31381
980 4.9 -1.26962 -1.31288
981 4.905 -1.24824 -1.30561
982 4.91 -1.22508 -1.29242
983 4.915 -1.11362 -1.1491
984 4.92 -1.21394 -1.28408
985 4.925 -1.15739 -1.22135
986 4.93 -1.23624 -1.29947
987 4.935 -1.16072 -1.22599
988 4.94 -1.1983 -1.27016
989 4.945 -1.31284 -1.31364
990 4.95 -1.34928 -1.30045
991 4.955 -1.26262 -1.31101
992 4.96 -1.18155 -1.25235
993 4.965 -1.12426 -1.16857
994 4.97 -1.02805 -0.948348
995 4.975 -1.15232 -1.21405
996 4.98 -1.09115 -1.10395
997 4.985 -1.11387 -1.14958
998 4.99 -1.06254 -1.03861
999 4.995 -1.11357 -1.14901
1000 5 -1.19391 -1.26577
1001 5.005 -1.17033 -1.23874
1002 5.01 -1.27297 -1.3136
1003 5.015 -1.31791 -1.31255
1004 5.02 -1.38131 -1.27903
1005 5.025 -1.3675 -1.28935
1006 5.03 -1.46174 -1.18883
1007 5.035 -1.46584 -1.18298
1008 5.04 -1.55214 -1.0366
1009 5.045 -1.54839 -1.04376
1010 5.05 -1.65817 -0.812896
1011 5.055 -1.60112 -0.937628
1012 5.06 -1.63578 -0.862785
1013 5.065 -1.73102 -0.646267
1014 5.07 -1.78864 -0.514704
1015 5.075 -1.8322 -0.418593
1016 5.08 -1.74333 -0.617925
1017 5.085 -1.71189 -0.690318
1018 5.09 -1.81865 -0.448035
1019 5.095 -1.90872 -0.262879
1020 5.1 -1.89965 -0.280213
1021 5.105 -1.92015 -0.241504
1022 5.11 -1.98307 -0.134832
1023 5.115 -1.88396 -0.311003
1024 5.12 -1.81256 -0.461415
1025 5.125 -1.74189 -0.621248
1026 5.13 -1.66603 -0.795173
1027 5.135 -1.7237 -0.663125
1028 5.14 -1.77018 -0.55648
1029 5.145 -1.66164 -0.805095
1030 5.15 -1.76429 -0.569913
1031 5.155 -1.88365 -0.311606
1032 5.16 -1.87728 -0.324376
1033 5.165 -1.91487 -0.251309
1034 5.17 -1.85735 -0.365247
1035 5.175 -1.96204 -0.168308
1036 5.18 -1.96641 -0.16115
1037 5.185 -1.9335 -0.217275
1038 5.19 -1.84317 -0.395094
1039 5.195 -1.91962 -0.242478
1040 5.2 -1.84067 -0.40043
1041 5.205 -1.89864 -0.282164
1042 5.21 -1.97541 -0.146749
1043 5.215 -1.90754 -0.265105
1044 5.22 -1.79052 -0.51048
1045 5.225 -1.7953 -0.499767
1046 5.23 -1.86938 -0.340424
1047 5.235 -1.77424 -0.54726
1048 5.24 -1.89741 -0.284546
1049 5.245 -1.89451 -0.290195
1050 5.25 -1.92531 -0.232047
1051 5.255 -2.00078 -0.108494
1052 5.26 -2.11478 0.0162946
1053 5.265 -2.1094 0.0122616
1054 5.27 -2.11338 0.0152612
1055 5.275 -2.01602 -0.0872446
1056 5.28 -2.01609 -0.087143
1057 5.285 -2.09932 0.00418618
1058 5.29 -2.22158 0.0562885
1059 5.295 -2.19561 0.0536318
1060 5.3 -2.09145 -0.00257773
1061 5.305 -2.05224 -0.0422006
1062 5.31 -2.12305 0.0221237
1063 5.315 -2.03329 -0.0647758
1064 5.32 -2.12054 0.0204049
1065 5.325 -2.09103 -0.00295192
1066 5.33 -2.03793 -0.0590529
1067 5.335 -2.08812 -0.00556174
1068 5.34 -2.03063 -0.0681285
1069 5.345 -1.94186 -0.202521
1070 5.35 -1.81833 -0.448746
1071 5.355 -1.85023 -0.380159
1072 5.36 -1.93652 -0.211909
1073 5.365 -2.02796 -0.0715238
1074 5.37 -1.95834 -0.174423
1075 5.375 -1.84864 -0.383504
1076 5.38 -1.88313 -0.312645
1077 5.385 -1.84049 -0.400802
1078 5.39 -1.76395 -0.570683
1079 5.395 -1.70745 -0.700528
1080 5.4 -1.83163 -0.419814
1081 5.405 -1.71308 -0.687578
1082 5.41 -1.60211 -0.935544
1083 5.415 -1.56887 -1.00384
1084 5.42 -1.61825 -0.901056
1085 5.425 -1.72236 -0.666203
1086 5.43 -1.65246 -0.82571
1087 5.435 -1.67409 -0.776905
1088 5.44 -1.79444 -0.501695
1089 5.445 -1.89997 -0.279605
1090 5.45 -1.89294 -0.293274
1091 5.455 -1.8262 -0.431587
1092 5.46 -1.85153 -0.377426
1093 5.465 -1.87173 -0.335629
1094 5.47 -1.97714 -0.144032
1095 5.475 -2.05316 -0.0411582
1096 5.48 -2.02135 -0.0801248
1097 5.485 -1.92778 -0.227568
1098 5.49 -1.82304 -0.438444
1099 5.495 -1.77999 -0.534218
1100 5.5 -1.66552 -0.79634
1101 5.505 -1.67125 -0.783343
1102 5.51 -1.70547 -0.705091
1103 5.515 -1.81272 -0.461067
1104 5.52 -1.75626 -0.588269
1105 5.525 -1.86836 -0.342506
1106 5.53 -1.88774 -0.303503
1107 5.535 -1.87257 -0.333916
1108 5.54 -1.75208 -0.597857
1109 5.545 -1.81416 -0.457906
1110 5.55 -1.79 -0.511657
1111 5.555 -1.87735 -0.32424
1112 5.56 -1.8921 -0.294905
1113 5.565 -1.82311 -0.438309
1114 5.57 -1.82612 -0.431747
1115 5.575 -1.70584 -0.704246
1116 5.58 -1.60587 -0.927588
1117 5.585 -1.49648 -1.13583
1118 5.59 -1.61573 -0.906499
1119 5.595 -1.5021 -1.12658
1120 5.6 -1.56229 -1.01687
1121 5.605 -1.6722 -0.781194
1122 5.61 -1.56589 -1.00976
1123 5.615 -1.68662 -0.74834
1124 5.62 -1.59128 -0.95823
1125 5.625 -1.59668 -0.946967
1126 5.63 -1.6014 -0.937039
1127 5.635 -1.51712 -1.10092
1128 5.64 -1.62719 -0.881631
1129 5.645 -1.68147 -0.760097
1130 5.65 -1.64668 -0.838617
1131 5.655 -1.73474 -0.637688
1132 5.66 -1.76121 -0.576954
1133 5.665 -1.68066 -0.761955
1134 5.67 -1.56582 -1.0099
1135 5.675 -1.65247 -0.825697
1136 5.68 -1.66687 -0.793278
1137 5.685 -1.59521 -0.95005
1138 5.69 -1.5731 -0.995378
1139 5.695 -1.52695 -1.08348
1140 5.7 -1.48787 -1.14967
1141 5.705 -1.47786 -1.16518
1142 5.71 -1.54274 -1.05444
1143 5.715 -1.47885 -1.16368
1144 5.72 -1.50041 -1.12937
1145 5.725 -1.49933 -1.13115
1146 5.73 -1.38866 -1.27288
1147 5.735 -1.37202 -1.28615
1148 5.74 -1.48404 -1.15567
1149 5.745 -1.56859 -1.0044
1150 5.75 -1.60848 -0.922025
1151 5.755 -1.7058 -0.704335
1152 5.76 -1.68524 -0.75148
1153 5.765 -1.68096 -0.761258
1154 5.77 -1.60297 -0.933726
1155 5.775 -1.49139 -1.14406
1156 5.78 -1.44039 -1.21746
1157 5.785 -1.3534 -1.29819
1158 5.79 -1.39164 -1.27026
1159 5.795 -1.32724 -1.3099
1160 5.8 -1.22252 -1.29062
1161 5.805 -1.13456 -1.18625
1162 5.81 -1.09716 -1.11656
1163 5.815 -1.09643 -1.11505
1164 5.82 -1.03094 -0.956381
1165 5.825 -1.11514 -1.15195
1166 5.83 -1.08688 -1.09477
1167 5.835 -1.03321 -0.962629
1168 5.84 -1.09636 -1.1149
1169 5.845 -1.08029 -1.08018
1170 5.85 -1.19557 -1.26746
1171 5.855 -1.1824 -1.25332
1172 5.86 -1.27792 -1.31445
1173 5.865 -1.2959 -1.31552
1174 5.87 -1.2892 -1.3155
1175 5.875 -1.2746 -1.31391
1176 5.88 -1.32008 -1.31201
1177 5.885 -1.27071 -1.31312
1178 5.89 -1.27071 -1.31312
1179 5.895 -1.37971 -1.2803
1180 5.9 -1.40864 -1.25393
1181 5.905 -1.4324 -1.22734
1182 5.91 -1.42765 -1.23299
1183 5.915 -1.48328 -1.15686
1184 5.92 -1.44754 -1.20823
1185 5.925 -1.5703 -1.00098
1186 5.93 -1.52553 -1.08604
1187 5.935 -1.61973 -0.897857
1188 5.94 -1.61486 -0.90837
1189 5.945 -1.67455 -0.775845
1190 5.95 -1.75354 -0.594495
1191 5.955 -1.80418 -0.479961
1192 5.96 -1.71233 -0.689304
1193 5.965 -1.66773 -0.791339
1194 5.97 -1.69484 -0.729514
1195 5.975 -1.71227 -0.689449
1196 5.98 -1.81033 -0.466332
1197 5.985 -1.74762 -0.608083
1198 5.99 -1.66747 -0.791908
1199 5.995 -1.57641 -0.98872
1200 6 -1.70006 -0.71753
1201 6.005 -1.63649 -0.861213
1202 6.01 -1.61557 -0.906834
1203 6.015 -1.70264 -0.711608
1204 6.02 -1.76353 -0.571643
1205 6.025 -1.65575 -0.818331
1206 6.03 -1.62053 -0.896113
1207 6.035 -1.58205 -0.977241
1208 6.04 -1.48836 -1.14889
1209 6.045 -1.57173 -0.998138
1210 6.05 -1.56807 -1.00545
1211 6.055 -1.51048 -1.11242
1212 6.06 -1.52739 -1.0827
1213 6.065 -1.6167 -0.904408
1214 6.07 -1.5487 -1.04318
1215 6.075 -1.4295 -1.23082
1216 6.08 -1.39223 -1.26972
1217 6.085 -1.36467 -1.29127
1218 6.09 -1.30089 -1.31526
1219 6.095 -1.37195 -1.2862
1220 6.1 -1.4888 -1.14819
1221 6.105 -1.55956 -1.0222
1222 6.11 -1.50154 -1.1275
1223 6.115 -1.51086 -1.11176
1224 6.12 -1.3968 -1.26554
1225 6.125 -1.31377 -1.31346
1226 6.13 -1.34909 -1.30055
1227 6.135 -1.46519 -1.18391
1228 6.14 -1.35118 -1.29943
1229 6.145 -1.26832 -1.31257
1230 6.15 -1.21492 -1.28487
1231 6.155 -1.23733 -1.30009
1232 6.16 -1.24772 -1.30537
1233 6.165 -1.29135 -1.31555
1234 6.17 -1.27779 -1.31443
1235 6.175 -1.37545 -1.2836
1236 6.18 -1.26739 -1.31234
1237 6.185 -1.29945 -1.31536
1238 6.19 -1.19008 -1.26179
1239 6.195 -1.31352 -1.31351
1240 6.2 -1.33747 -1.30607
1241 6.205 -1.25195 -1.3072
1242 6.21 -1.20948 -1.28037
1243 6.215 -1.31349 -1.31352
1244 6.22 -1.43671 -1.22208
1245 6.225 -1.3214 -1.31165
1246 6.23 -1.25896 -1.30983
1247 6.235 -1.34178 -1.30416
1248 6.24 -1.44829 -1.20724
1249 6.245 -1.41555 -1.24664
1250 6.25 -1.49663 -1.13559
1251 6.255 -1.4772 -1.16618
1252 6.26 -1.50119 -1.12808
1253 6.265 -1.59192 -0.956906
1254 6.27 -1.65068 -0.829697
1255 6.275 -1.63132 -0.872584
1256 6.28 -1.53267 -1.0731
1257 6.285 -1.5154 -1.10392
1258 6.29 -1.41484 -1.24741
1259 6.295 -1.45553 -1.19748
1260 6.3 -1.48624 -1.15223
1261 6.305 -1.39879 -1.26367
1262 6.31 -1.51296 -1.10816
1263 6.315 -1.56568 -1.01019
1264 6.32 -1.47102 -1.17542
1265 6.325 -1.56311 -1.01525
1266 6.33 -1.46276 -1.18738
1267 6.335 -1.55458 -1.03188
1268 6.34 -1.60391 -0.931733
1269 6.345 -1.5854 -0.970378
1270 6.35 -1.64902 -0.833399
1271 6.355 -1.53233 -1.07374
1272 6.36 -1.46397 -1.18566
1273 6.365 -1.38059 -1.2796
1274 6.37 -1.44842 -1.20706
1275 6.375 -1.32474 -1.31069
1276 6.38 -1.36466 -1.29127
1277 6.385 -1.4804 -1.16131
1278 6.39 -1.56405 -1.01341
1279 6.395 -1.60941 -0.920045
1280 6.4 -1.51394 -1.10646
1281 6.405 -1.618 -0.901585
1282 6.41 -1.70824 -0.698715
1283 6.415 -1.82046 -0.444085
1284 6.42 -1.75397 -0.593519
1285 6.425 -1.86826 -0.342719
1286 6.43 -1.88836 -0.302266
1287 6.435 -1.93832 -0.208741
1288 6.44 -1.98543 -0.131229
1289 6.445 -2.03783 -0.0591765
1290 6.45 -2.01302 -0.0913251
1291 6.455 -1.94138 -0.203369
1292 6.46 -2.04683 -0.0484181
1293 6.465 -2.08788 -0.00577594
1294 6.47 -2.05655 -0.0373676
1295 6.475 -2.01781 -0.0848332
1296 6.48 -1.97951 -0.140335
1297 6.485 -2.00384 -0.104121
1298 6.49 -2.12789 0.0253254
1299 6.495 -2.05703 -0.0368397
1300 6.5 -1.95584 -0.178603
1301 6.505 -1.99018 -0.124055
1302 6.51 -2.00616 -0.100836
1303 6.515 -2.00904 -0.096811
1304 6.52 -1.9419 -0.202461
1305 6.525 -1.95546 -0.179239
1306 6.53 -2.07186 -0.0211496
1307 6.535 -2.13363 0.0289241
1308 6.54 -2.21326 0.0559302
1309 6.545 -2.19779 0.0540276
1310 6.55 -2.21925 0.0562347
1311 6.555 -2.29606 0.0391936
1312 6.56 -2.18518 0.0512868
1313 6.565 -2.10767 0.0109178
1314 6.57 -2.08818 -0.00551079
1315 6.575 -2.05409 -0.0401129
1316 6.58 -2.08458 -0.00880874
1317 6.585 -2.06427 -0.0290078
1318 6.59 -2.11958 0.0197358
1319 6.595 -2.03063 -0.0681199
1320 6.6 -1.95271 -0.183878
1321 6.605 -1.96882 -0.157255
1322 6.61 -1.98974 -0.124718
1323 6.615 -2.05902 -0.0346525
1324 6.62 -2.03305 -0.065082
1325 6.625 -1.98739 -0.128247
1326 6.63 -1.98679 -0.129155
1327 6.635 -2.02509 -0.0752279
1328 6.64 -2.07747 -0.0155832
1329 6.645 -2.19945 0.0543089
1330 6.65 -2.20333 0.0548939
1331 6.655 -2.21355 0.0559504
1332 6.66 -2.28174 0.045263
1333 6.665 -2.28898 0.0423559
1334 6.67 -2.3729 -0.0146174
1335 6.675 -2.33183 0.0184746
1336 6.68 -2.4363 -0.0834054
1337 6.685 -2.40748 -0.0496457
1338 6.69 -2.44904 -0.0995565
1339 6.695 -2.36212 -0.00500508
1340 6.7 -2.30233 0.0361299
1341 6.705 -2.30455 0.0349869
1342 6.71 -2.34167 0.0114335
1343 6.715 -2.2642 0.0509175
1344 6.72 -2.14743 0.0366628
1345 6.725 -2.17454 0.0481375
1346 6.73 -2.1296 0.026422
1347 6.735 -2.21855 0.0562118
1348 6.74 -2.20429 0.055023
1349 6.745 -2.1273 0.024946
1350 6.75 -2.16851 0.0460117
1351 6.755 -2.12592 0.0240428
1352 6.76 -2.15742 0.0414669
1353 6.765 -2.27572 0.0474266
1354 6.77 -2.17173 0.0471763
1355 6.775 -2.08813 -0.0055573
1356 6.78 -1.99405 -0.118303
1357 6.785 -2.02916 -0.0699938
1358 6.79 -1.92161 -0.238827
1359 6.795 -2.03891 -0.0578579
1360 6.8 -2.05069 -0.0439567
1361 6.805 -1.94419 -0.198467
1362 6.81 -1.91635 -0.248551
1363 6.815 -1.84228 -0.39699
1364 6.82 -1.80205 -0.484697
1365 6.825 -1.70037 -0.716811
1366 6.83 -1.63748 -0.859032
1367 6.835 -1.62482 -0.886795
1368 6.84 -1.62778 -0.880338
1369 6.845 -1.67101 -0.783894
1370 6.85 -1.7587 -0.582688
1371 6.855 -1.79109 -0.509207
1372 6.86 -1.86879 -0.341626
1373 6.865 -1.92829 -0.226636
1374 6.87 -1.90522 -0.269534
1375 6.875 -1.89444 -0.290334
1376 6.88 -1.9679 -0.158738
1377 6.885 -1.99078 -0.123156
1378 6.89 -1.92427 -0.233942
1379 6.895 -2.04212 -0.0539807
1380 6.9 -1.99775 -0.112878
1381 6.905 -2.05438 -0.039785
1382 6.91 -2.13287 0.0284591
1383 6.915 -2.1933 0.0531753
1384 6.92 -2.07251 -0.0204985
1385 6.925 -2.04844 -0.0465472
1386 6.93 -1.97367 -0.149503
1387 6.935 -1.86718 -0.344931
1388 6.94 -1.84792 -0.38504
1389 6.945 -1.84713 -0.386702
1390 6.95 -1.72249 -0.665917
1391 6.955 -1.84367 -0.394037
1392 6.96 -1.88379 -0.311343
1393 6.965 -1.8734 -0.332234
1394 6.97 -1.95883 -0.173606
1395 6.975 -1.99199 -0.121356
1396 6.98 -2.11175 0.0140424
1397 6.985 -2.20254 0.0547838
1398 6.99 -2.13432 0.0293397
1399 6.995 -2.04273 -0.0532559
1400 7 -2.0481 -0.0469473
1401 7.005 -2.02164 -0.0797408
1402 7.01 -2.13961 0.0324351
1403 7.015 -2.24295 0.0550944
1404 7.02 -2.2079 0.0554533
1405 7.025 -2.28412 0.0443446
1406 7.03 -2.18195 0.0504109
1407 7.035 -2.1182 0.0187587
1408 7.04 -2.12921 0.0261729
1409 7.045 -2.08992 -0.00394367
1410 7.05 -2.10227 0.00661813
1411 7.055 -2.21031 0.0556918
1412 7.06 -2.28144 0.0453761
1413 7.065 -2.38189 -0.0231239
1414 7.07 -2.42831 -0.07365
1415 7.075 -2.39811 -0.0395435
1416 7.08 -2.30309 0.0357406
1417 7.085 -2.19451 0.0534191
1418 7.09 -2.12971 0.0264931
1419 7.095 -2.1139 0.0156463
1420 7.1 -2.10111 0.00566752
1421 7.105 -2.07725 -0.0157939
1422 7.11 -2.14702 0.0364496
1423 7.115 -2.25817 0.0524028
1424 7.12 -2.38121 -0.0224663
1425 7.125 -2.37324 -0.0149301
1426 7.13 -2.48157 -0.143909
1427 7.135 -2.46382 -0.119172
1428 7.14 -2.48998 -0.156044
1429 7.145 -2.50857 -0.183785
1430 7.15 -2.58243 -0.304014
1431 7.155 -2.53517 -0.225407
1432 7.16 -2.56992 -0.282716
1433 7.165 -2.49847 -0.168559
1434 7.17 -2.49847 -0.168559
1435 7.175 -2.50641 -0.180497
1436 7.18 -2.43026 -0.0760072
1437 7.185 -2.54691 -0.244431
1438 7.19 -2.43481 -0.0815634
1439 7.195 -2.35352 0.0021961
1440 7.2 -2.37774 -0.0191397
1441 7.205 -2.42961 -0.0752254
1442 7.21 -2.52562 -0.210213
1443 7.215 -2.4486 -0.0989818
1444 7.22 -2.4486 -0.0989818
1445 7.225 -2.5126 -0.189949
1446 7.23 -2.6134 -0.357915
1447 7.235 -2.62958 -0.386586
1448 7.24 -2.58911 -0.315523
1449 7.245 -2.61305 -0.357297
1450 7.25 -2.70084 -0.514424
1451 7.255 -2.76131 -0.62093
1452 7.26 -2.77544 -0.645041
1453 7.265 -2.67535 -0.468639
1454 7.27 -2.67535 -0.468639
1455 7.275 -2.56814 -0.279725
1456 7.28 -2.5326 -0.221306
1457 7.285 -2.50411 -0.177024
1458 7.29 -2.51348 -0.191307
1459 7.295 -2.41903 -0.062693
1460 7.3 -2.50376 -0.17649
1461 7.305 -2.48806 -0.153257
1462 7.31 -2.45626 -0.10902
1463 7.315 -2.4277 -0.072919
1464 7.32 -2.54316 -0.238316
1465 7.325 -2.56308 -0.271215
1466 7.33 -2.46835 -0.125359
1467 7.335 -2.45999 -0.113995
1468 7.34 -2.42407 -0.0685966
1469 7.345 -2.40955 -0.0519318
1470 7.35 -2.45234 -0.103852
1471 7.355 -2.33916 0.0132843
1472 7.36 -2.24363 0.055007
1473 7.365 -2.16658 0.0452805
1474 7.37 -2.15548 0.0405876
1475 7.375 -2.10716 0.0105192
1476 7.38 -2.11703 0.0179236
1477 7.385 -2.23535 0.0558666
1478 7.39 -2.28331 0.0446613
1479 7.395 -2.21901 0.0562272
1480 7.4 -2.09533 0.000809917
1481 7.405 -2.14625 0.0360521
1482 7.41 -2.19043 0.0525578
1483 7.415 -2.24898 0.0542105
1484 7.42 -2.21821 0.0561991
1485 7.425 -2.24694 0.0545366
1486 7.43 -2.18882 0.0521886
1487 7.435 -2.15292 0.0393855
1488 7.44 -2.24856 0.0542799
1489 7.445 -2.32751 0.0213883
1490 7.45 -2.44959 -0.100267
1491 7.455 -2.53708 -0.228477
1492 7.46 -2.5295 -0.216364
1493 7.465 -2.63867 -0.402791
1494 7.47 -2.68428 -0.484711
1495 7.475 -2.6335 -0.393561
1496 7.48 -2.57406 -0.289736
1497 7.485 -2.6705 -0.459923
1498 7.49 -2.78755 -0.665387
1499 7.495 -2.78833 -0.666691
1500 7.5 -2.78833 -0.666691
1501 7.505 -2.85338 -0.769259
1502 7.51 -2.75138 -0.603782
1503 7.515 -2.80929 -0.701042
1504 7.52 -2.75806 -0.615341
1505 7.525 -2.75806 -0.615341
1506 7.53 -2.81839 -0.715595
1507 7.535 -2.76581 -0.628659
1508 7.54 -2.86689 -0.788884
1509 7.545 -2.78997 -0.669407
1510 7.55 -2.69037 -0.495649
1511 7.555 -2.75879 -0.616595
1512 7.56 -2.66778 -0.455033
1513 7.565 -2.68978 -0.494594
1514 7.57 -2.74302 -0.589201
1515 7.575 -2.86685 -0.788831
1516 7.58 -2.9693 -0.913342
1517 7.585 -2.90761 -0.843851
1518 7.59 -2.98517 -0.928225
1519 7.595 -2.99483 -0.936647
1520 7.6 -3.03742 -0.967768
1521 7.605 -3.07065 -0.984972
1522 7.61 3.12025 -0.998635
1523 7.615 3.0181 -0.954887
1524 7.62 3.07306 -0.985968
1525 7.625 -3.11102 -0.997199
1526 7.63 3.11126 -0.997243
1527 7.635 3.13767 -0.999954
1528 7.64 -3.02936 -0.962648
1529 7.645 -2.93087 -0.872124
1530 7.65 -2.84089 -0.750543
1531 7.655 -2.91908 -0.858097
1532 7.66 -2.98416 -0.927324
1533 7.665 -3.00861 -0.947798
1534 7.67 -2.90053 -0.834767
1535 7.675 -2.89123 -0.822537
1536 7.68 -3.00971 -0.948651
1537 7.685 -3.00971 -0.948651
1538 7.69 -3.05813 -0.979237
1539 7.695 -3.03468 -0.966066
1540 7.7 -3.04911 -0.97454
1541 7.705 -3.13249 -0.999752
1542 7.71 -3.11682 -0.998161
1543 7.715 3.11628 -0.998078
1544 7.72 3.05786 -0.979103
1545 7.725 3.05135 -0.975752
1546 7.73 -3.12207 -0.998856
1547 7.735 3.1241 -0.999083
1548 7.74 -3.11001 -0.997011
1549 7.745 -3.10986 -0.996981
1550 7.75 -3.08773 -0.99132
1551 7.755 -3.11424 -0.997757
1552 7.76 -3.05303 -0.976639
1553 7.765 -3.09208 -0.992661
1554 7.77 -3.08921 -0.991789
1555 7.775 -3.07 -0.984694
1556 7.78 -3.05705 -0.978695
1557 7.785 -3.02281 -0.958215
1558 7.79 -3.03783 -0.968015
1559 7.795 -3.10003 -0.994827
1560 7.8 -3.01096 -0.949599
1561 7.805 -3.10879 -0.996775
1562 7.81 -3.10984 -0.996978
1563 7.815 -3.1235 -0.999018
1564 7.82 3.05266 -0.976444
1565 7.825 2.9502 -0.89375
1566 7.83 2.86419 -0.785016
1567 7.835 2.80078 -0.687227
1568 7.84 2.79791 -0.682519
1569 7.845 2.84082 -0.750445
1570 7.85 2.84023 -0.749538
1571 7.855 2.86158 -0.781242
1572 7.86 2.86313 -0.783489
1573 7.865 2.93578 -0.877785
1574 7.87 2.96097 -0.905026
1575 7.875 3.03878 -0.968597
1576 7.88 3.13159 -0.9997
1577 7.885 3.12502 -0.999177
1578 7.89 3.0107 -0.949405
1579 7.895 3.02888 -0.962331
1580 7.9 2.97476 -0.918609
1581 7.905 3.08067 -0.988902
1582 7.91 -3.08666 -0.990971
1583 7.915 -3.03736 -0.96773
1584 7.92 -3.02733 -0.961296
1585 7.925 -2.91582 -0.854099
1586 7.93 -2.86757 -0.789852
1587 7.935 -2.80362 -0.691847
1588 7.94 -2.6936 -0.501441
1589 7.945 -2.76877 -0.633711
1590 7.95 -2.83994 -0.749096
1591 7.955 -2.73487 -0.574907
1592 7.96 -2.83575 -0.742695
1593 7.965 -2.85166 -0.76671
1594 7.97 -2.95012 -0.893669
1595 7.975 -2.98914 -0.931748
1596 7.98 -2.93653 -0.878642
1597 7.985 -2.98761 -0.930406
1598 7.99 -2.8717 -0.795709
1599 7.995 -2.95492 -0.898757
1600 8 -3.01982 -0.956119
1601 8.005 -2.97583 -0.919621
1602 8.01 -2.87151 -0.795449
1603 8.015 -2.77197 -0.639166
1604 8.02 -2.72284 -0.553662
1605 8.025 -2.81271 -0.706532
1606 8.03 -2.89883 -0.832568
1607 8.035 -2.96326 -0.907349
1608 8.04 -2.92668 -0.867209
1609 8.045 -3.01523 -0.952792
1610 8.05 -3.12042 -0.998656
1611 8.055 -3.03612 -0.966965
1612 8.06 -3.13156 -0.999698
1613 8.065 3.11368 -0.997664
1614 8.07 3.06233 -0.981259
1615 8.075 2.95759 -0.901543
1616 8.08 2.85436 -0.770693
1617 8.085 2.75246 -0.605645
1618 8.09 2.68804 -0.491471
1619 8.095 2.74074 -0.58522
1620 8.1 2.70148 -0.515577
1621 8.105 2.82394 -0.724362
1622 8.11 2.86979 -0.793004
1623 8.115 2.81395 -0.708524
1624 8.12 2.93736 -0.879581
1625 8.125 2.92893 -0.869864
1626 8.13 2.89419 -0.82647
1627 8.135 2.81362 -0.707983
1628 8.14 2.85793 -0.775936
1629 8.145 2.91455 -0.852533
1630 8.15 2.8901 -0.821021
1631 8.155 2.8076 -0.698308
1632 8.16 2.84951 -0.763505
1633 8.165 2.90318 -0.838196
1634 8.17 2.81102 -0.703812
1635 8.175 2.75645 -0.612555
1636 8.18 2.75028 -0.601861
1637 8.185 2.86005 -0.779031
1638 8.19 2.97053 -0.914548
1639 8.195 3.07976 -0.988569
1640 8.2 3.1222 -0.998873
1641 8.205 3.13044 -0.999627
1642 8.21 -3.121 -0.998729
1643 8.215 3.13792 -0.99996
1644 8.22 -3.07919 -0.98836
1645 8.225 3.12234 -0.998888
1646 8.23 3.04533 -0.972435
1647 8.235 2.92557 -0.865898
1648 8.24 2.85096 -0.765663
1649 8.245 2.78283 -0.657501
1650 8.25 2.71951 -0.547751
1651 8.255 2.75149 -0.603961
1652 8.26 2.80543 -0.694785
1653 8.265 2.71224 -0.534798
1654 8.27 2.72193 -0.552038
1655 8.275 2.81367 -0.70807
1656 8.28 2.92521 -0.865468
1657 8.285 2.88248 -0.810705
1658 8.29 2.83121 -0.735694
1659 8.295 2.95016 -0.893708
1660 8.3 2.96459 -0.908682
1661 8.305 3.08339 -0.989867
1662 8.31 3.11273 -0.997503
1663 8.315 3.07875 -0.988196
1664 8.32 3.11239 -0.997443
1665 8.325 -3.12713 -0.999372
1666 8.33 3.10869 -0.996755
1667 8.335 -3.12252 -0.998909
1668 8.34 -3.12331 -0.998997
1669 8.345 -3.1186 -0.998414
1670 8.35 -3.10031 -0.994894
1671 8.355 -3.04999 -0.975021
1672 8.36 3.12452 -0.999126
1673 8.365 3.00043 -0.9413
1674 8.37 2.97947 -0.923034
1675 8.375 3.01756 -0.954497
1676 8.38 3.1005 -0.994943
1677 8.385 3.09131 -0.992431
1678 8.39 3.13999 -0.999992
1679 8.395 -3.06591 -0.982907
1680 8.4 3.10443 -0.995861
1681 8.405 -3.06176 -0.980992
1682 8.41 -3.00903 -0.948129
1683 8.415 -2.909 -0.845599
1684 8.42 -2.909 -0.845599
1685 8.425 -2.81239 -0.70602
1686 8.43 -2.87383 -0.798707
1687 8.435 -2.96813 -0.912197
1688 8.44 -2.8689 -0.791746
1689 8.445 -2.8689 -0.791746
1690 8.45 -2.78524 -0.661535
1691 8.455 -2.78524 -0.661535
1692 8.46 -2.73871 -0.581666
1693 8.465 -2.74206 -0.58753
1694 8.47 -2.81975 -0.717752
1695 8.475 -2.87158 -0.795548
1696 8.48 -2.88543 -0.814718
1697 8.485 -2.79843 -0.68338
1698 8.49 -2.78792 -0.666
1699 8.495 -2.88744 -0.817452
1700 8.5 -2.78733 -0.665022
1701 8.505 -2.84399 -0.755243
1702 8.51 -2.79095 -0.671039
1703 8.515 -2.69319 -0.500709
1704 8.52 -2.73611 -0.577096
1705 8.525 -2.73611 -0.577096
1706 8.53 -2.71217 -0.534688
1707 8.535 -2.69379 -0.50178
1708 8.54 -2.78202 -0.656145
1709 8.545 -2.75755 -0.614465
1710 8.55 -2.78957 -0.668753
1711 8.555 -2.81827 -0.715406
1712 8.56 -2.73504 -0.575204
1713 8.565 -2.66642 -0.452571
1714 8.57 -2.6441 -0.412508
1715 8.575 -2.65526 -0.432519
1716 8.58 -2.71738 -0.543957
1717 8.585 -2.69725 -0.507988
1718 8.59 -2.71437 -0.538593
1719 8.595 -2.67703 -0.471668
1720 8.6 -2.66793 -0.455293
1721 8.605 -2.65425 -0.430697
1722 8.61 -2.67886 -0.474962
1723 8.615 -2.74574 -0.593963
1724 8.62 -2.66013 -0.441278
1725 8.625 -2.67749 -0.472486
1726 8.63 -2.68818 -0.491714
1727 8.635 -2.7131 -0.536341
1728 8.64 -2.67027 -0.459513
1729 8.645 -2.74584 -0.594135
1730 8.65 -2.82685 -0.728918
1731 8.655 -2.93621 -0.878284
1732 8.66 -2.99418 -0.936096
1733 8.665 -2.92889 -0.869816
1734 8.67 -2.87112 -0.794889
1735 8.675 -2.83262 -0.737885
1736 8.68 -2.88657 -0.816272
1737 8.685 -2.96809 -0.912162
1738 8.69 -2.96809 -0.912162
1739 8.695 -3.02191 -0.95759
1740 8.7 -3.05731 -0.978829
1741 8.705 3.10443 -0.995862
1742 8.71 3.02371 -0.958842
1743 8.715 3.04466 -0.972053
1744 8.72 -3.13107 -0.999668
1745 8.725 -3.03532 -0.966469
1746 8.73 -2.92879 -0.869701
1747 8.735 -3.03116 -0.963818
1748 8.74 -3.09244 -0.992769
1749 8.745 -3.13053 -0.999633
1750 8.75 3.1134 -0.997617
1751 8.755 3.01501 -0.952636
1752 8.76 3.06109 -0.980675
1753 8.765 3.11411 -0.997736
1754 8.77 3.08873 -0.991639
1755 8.775 3.05146 -0.97581
1756 8.78 -3.12849 -0.999485
1757 8.785 3.1191 -0.998483
1758 8.79 3.08966 -0.99193
1759 8.795 3.02613 -0.960492
1760 8.8 2.92497 -0.865181
1761 8.805 2.86313 -0.783479
1762 8.81 2.89159 -0.823018
1763 8.815 2.98667 -0.929564
1764 8.82 2.97727 -0.920985
1765 8.825 2.98064 -0.924116
1766 8.83 2.95019 -0.893739
1767 8.835 2.83635 -0.743613
1768 8.84 2.85175 -0.766843
1769 8.845 2.73218 -0.570174
1770 8.85 2.80307 -0.69096
1771 8.855 2.86221 -0.782155
1772 8.86 2.7779 -0.649202
1773 8.865 2.67807 -0.473543
1774 8.87 2.79946 -0.685064
1775 8.875 2.78195 -0.656022
1776 8.88 2.90212 -0.83683
1777 8.885 2.88535 -0.814617
1778 8.89 2.91099 -0.848104
1779 8.895 2.87955 -0.806667
1780 8.9 2.95413 -0.897925
1781 8.905 2.89116 -0.822435
1782 8.91 2.90497 -0.840486
1783 8.915 2.79605 -0.679467
1784 8.92 2.85118 -0.765997
1785 8.925 2.74326 -0.589635
1786 8.93 2.72599 -0.559236
1787 8.935 2.76164 -0.621503
1788 8.94 2.68364 -0.48356
1789 8.945 2.63512 -0.396455
1790 8.95 2.63273 -0.39219
1791 8.955 2.7196 -0.547898
1792 8.96 2.7871 -0.66464
1793 8.965 2.68399 -0.484186
1794 8.97 2.79288 -0.674236
1795 8.975 2.81021 -0.702511
1796 8.98 2.73319 -0.571949
1797 8.985 2.68525 -0.486443
1798 8.99 2.63709 -0.399971
1799 8.995 2.58698 -0.311833
1800 9 2.62285 -0.374617
1801 9.005 2.51334 -0.191081
1802 9.01 2.47512 -0.134776
1803 9.015 2.41799 -0.0615004
1804 9.02 2.41842 -0.0619952
1805 9.025 2.42007 -0.0639114
1806 9.03 2.36282 -0.00561089
1807 9.035 2.46179 -0.116425
1808 9.04 2.49883 -0.169095
1809 9.045 2.5016 -0.17324
1810 9.05 2.54284 -0.237806
1811 9.055 2.47296 -0.131751
1812 9.06 2.43721 -0.0845337
1813 9.065 2.33203 0.0183372
1814 9.07 2.41105 -0.0536116
1815 9.075 2.30939 0.0323893
1816 9.08 2.22925 0.0562092
1817 9.085 2.19054 0.0525825
1818 9.09 2.14093 0.0331742
1819 9.095 2.1447 0.0352298
1820 9.1 2.17201 0.0472751
1821 9.105 2.14685 0.0363621
1822 9.11 2.24481 0.0548469
1823 9.115 2.1742 0.0480224
1824 9.12 2.07011 -0.0229298
1825 9.125 2.02449 -0.0760031
1826 9.13 1.92981 -0.223893
1827 9.135 1.94148 -0.203183
1828 9.14 1.95794 -0.175092
1829 9.145 1.91555 -0.250036
1830 9.15 1.98234 -0.135959
1831 9.155 1.86372 -0.352042
1832 9.16 1.78257 -0.528406
1833 9.165 1.79127 -0.508806
1834 9.17 1.73559 -0.635728
1835 9.175 1.81106 -0.464728
1836 9.18 1.9203 -0.241236
1837 9.185 1.91581 -0.24955
1838 9.19 1.97598 -0.145855
1839 9.195 1.98052 -0.138769
1840 9.2 1.91513 -0.250822
1841 9.205 1.94077 -0.204427
1842 9.21 2.0133 -0.0909421
1843 9.215 2.09902 0.00393155
1844 9.22 2.11195 0.0141941
1845 9.225 2.00306 -0.105226
1846 9.23 1.94305 -0.200454
1847 9.235 2.01947 -0.0826148
1848 9.24 1.96841 -0.157919
1849 9.245 2.07382 -0.0191864
1850 9.25 2.08355 -0.00976931
1851 9.255 2.17667 0.0488293
1852 9.26 2.27128 0.0488747
1853 9.265 2.17707 0.0489553
1854 9.27 2.12536 0.0236743
1855 9.275 2.0025 -0.106032
1856 9.28 2.00486 -0.102678
1857 9.285 1.97165 -0.152719
1858 9.29 1.98131 -0.137553
1859 9.295 2.08194 -0.0112929
1860 9.3 2.01462 -0.089138
1861 9.305 2.08682 -0.00674201
1862 9.31 2.08107 -0.0121178
1863 9.315 2.11847 0.0189514
1864 9.32 2.19673 0.0538392
1865 9.325 2.22889 0.0562217
1866 9.33 2.24677 0.0545619
1867 9.335 2.33215 0.0182567
1868 9.34 2.3656 -0.00803928
1869 9.345 2.38028 -0.0215654
1870 9.35 2.37687 -0.0183173
1871 9.355 2.41227 -0.0549844
1872 9.36 2.49845 -0.168534
1873 9.365 2.462 -0.116713
1874 9.37 2.36208 -0.00497316
1875 9.375 2.40265 -0.0443803
1876 9.38 2.3858 -0.0269543
1877 9.385 2.43141 -0.0773995
1878 9.39 2.38301 -0.0242129
1879 9.395 2.4688 -0.125984
1880 9.4 2.41633 -0.059586
1881 9.405 2.33953 0.0130124
1882 9.41 2.4081 -0.0503235
1883 9.415 2.5037 -0.176395
1884 9.42 2.5449 -0.241162
1885 9.425 2.57978 -0.299492
1886 9.43 2.61208 -0.355588
1887 9.435 2.51732 -0.197232
1888 9.44 2.6282 -0.384123
1889 9.445 2.57394 -0.289536
1890 9.45 2.64285 -0.410275
1891 9.455 2.76614 -0.629224
1892 9.46 2.8291 -0.732415
1893 9.465 2.86445 -0.785388
1894 9.47 2.91855 -0.857451
1895 9.475 2.9569 -0.900834
1896 9.48 2.93732 -0.879538
1897 9.485 2.91067 -0.847709
1898 9.49 2.90912 -0.845762
1899 9.495 2.86117 -0.780649
1900 9.5 2.92198 -0.861601
1901 9.505 2.99022 -0.93269
1902 9.51 2.87347 -0.798209
1903 9.515 2.81692 -0.713249
1904 9.52 2.74079 -0.585298
1905 9.525 2.75216 -0.605123
1906 9.53 2.67399 -0.4662
1907 9.535 2.75099 -0.603097
1908 9.54 2.76862 -0.633464
1909 9.545 2.79504 -0.677794
1910 9.55 2.81725 -0.713775
1911 9.555 2.77778 -0.648994
1912 9.56 2.81757 -0.714286
1913 9.565 2.81291 -0.706857
1914 9.57 2.69241 -0.499314
1915 9.575 2.60197 -0.337857
1916 9.58 2.60944 -0.350942
1917 9.585 2.70347 -0.519129
1918 9.59 2.7636 -0.624863
1919 9.595 2.84729 -0.760203
1920 9.6 2.75694 -0.613412
1921 9.605 2.67593 -0.469683
1922 9.61 2.65891 -0.439073
1923 9.615 2.72118 -0.550717
1924 9.62 2.7073 -0.525988
1925 9.625 2.74637 -0.595056
1926 9.63 2.85924 -0.777847
1927 9.635 2.8512 -0.766032
1928 9.64 2.8927 -0.824497
1929 9.645 2.93356 -0.875247
1930 9.65 3.02636 -0.960649
1931 9.655 2.94109 -0.883778
1932 9.66 2.83523 -0.741898
1933 9.665 2.71763 -0.544408
1934 9.67 2.72587 -0.559023
1935 9.675 2.60373 -0.340939
1936 9.68 2.66716 -0.453913
1937 9.685 2.67179 -0.462239
1938 9.69 2.73033 -0.566916
1939 9.695 2.81926 -0.716967
1940 9.7 2.79693 -0.680911
1941 9.705 2.82657 -0.728473
1942 9.71 2.88051 -0.807993
1943 9.715 2.79738 -0.681652
1944 9.72 2.85808 -0.776157
1945 9.725 2.82074 -0.719316
1946 9.73 2.89694 -0.830089
1947 9.735 2.96642 -0.910511
1948 9.74 2.9623 -0.906375
1949 9.745 3.04986 -0.974948
1950 9.75 3.07688 -0.987483
1951 9.755 2.95418 -0.897978
1952 9.76 2.84915 -0.762971
1953 9.765 2.79019 -0.669771
1954 9.77 2.74386 -0.590683
1955 9.775 2.86701 -0.789051
1956 9.78 2.8773 -0.803549
1957 9.785 2.93536 -0.877305
1958 9.79 2.86273 -0.782905
1959 9.795 2.91039 -0.847351
1960 9.8 2.8022 -0.689538
1961 9.805 2.79721 -0.681377
1962 9.81 2.84201 -0.752247
1963 9.815 2.73933 -0.582743
1964 9.82 2.70031 -0.513472
1965 9.825 2.57706 -0.294839
1966 9.83 2.56493 -0.274316
1967 9.835 2.49844 -0.168522
1968 9.84 2.57971 -0.299364
1969 9.845 2.69396 -0.502095
1970 9.85 2.73503 -0.575194
1971 9.855 2.66581 -0.451475
1972 9.86 2.5648 -0.274095
1973 9.865 2.49622 -0.165214
1974 9.87 2.52651 -0.211619
1975 9.875 2.42886 -0.074316
1976 9.88 2.46237 -0.117202
1977 9.885 2.53337 -0.222529
1978 9.89 2.6537 -0.429713
1979 9.895 2.64898 -0.421257
1980 9.9 2.63121 -0.389486
1981 9.905 2.66231 -0.445195
1982 9.91 2.59824 -0.331354
1983 9.915 2.48607 -0.15037
1984 9.92 2.54897 -0.247813
1985 9.925 2.64179 -0.408366
1986 9.93 2.68053 -0.477971
1987 9.935 2.74583 -0.59412
1988 9.94 2.76236 -0.622734
1989 9.945 2.65889 -0.43904
1990 9.95 2.62351 -0.375798
1991 9.955 2.5779 -0.296265
1992 9.96 2.5705 -0.283695
1993 9.965 2.58093 -0.301447
1994 9.97 2.53293 -0.22182
1995 9.975 2.47362 -0.13267
1996 9.98 2.44681 -0.0966841
1997 9.985 2.49949 -0.17008
1998 9.99 2.49547 -0.164115
1999 9.995 2.48434 -0.147874
2000 10 2.37352 -0.0151899
