0 0 0 1 3.5
1 0.005 0.005 1.00017 3.5
2 0.01 0.0100017 1.0007 3.5
3 0.015 0.015007 1.00158 3.5
4 0.02 0.0200175 1.0028 3.5
5 0.025 0.025035 1.00438 3.5
6 0.03 0.0300613 1.0063 3.5
7 0.035 0.035098 1.00858 3.5
8 0.04 0.0401471 1.01121 3.5
9 0.045 0.0452101 1.01419 3.5
10 0.05 0.050289 1.01752 3.5
11 0.055 0.0553854 1.02121 3.5
12 0.06 0.0605011 1.02525 3.5
13 0.065 0.0656379 1.02965 3.5
14 0.07 0.0707975 1.03439 3.5
15 0.075 0.0759818 1.0395 3.5
16 0.08 0.0811925 1.04496 3.5
17 0.085 0.0864314 1.05078 3.5
18 0.09 0.0917003 1.05696 3.5
19 0.095 0.097001 1.06349 3.5
20 0.1 0.102335 1.07039 3.50001
21 0.105 0.107705 1.07765 3.50001
22 0.11 0.113112 1.08526 3.50001
23 0.115 0.118558 1.09325 3.50001
24 0.12 0.124044 1.10159 3.50001
25 0.125 0.129573 1.1103 3.50001
26 0.13 0.135147 1.11938 3.50001
27 0.135 0.140767 1.12882 3.50001
28 0.14 0.146435 1.13864 3.50001
29 0.145 0.152154 1.14882 3.50001
30 0.15 0.157924 1.15937 3.50001
31 0.155 0.163747 1.17029 3.50001
32 0.16 0.169627 1.18158 3.50001
33 0.165 0.175563 1.19325 3.50001
34 0.17 0.181559 1.20529 3.50001
35 0.175 0.187616 1.2177 3.50002
36 0.18 0.193736 1.23049 3.50002
37 0.185 0.199921 1.24366 3.50002
38 0.19 0.206173 1.2572 3.50002
39 0.195 0.212493 1.27112 3.50002
40 0.2 0.218884 1.28541 3.50002
41 0.205 0.225347 1.30008 3.50002
42 0.21 0.231885 1.31513 3.50002
43 0.215 0.238498 1.33055 3.50002
44 0.22 0.24519 1.34635 3.50002
45 0.225 0.251962 1.36253 3.50002
46 0.23 0.258815 1.37908 3.50003
47 0.235 0.265753 1.39601 3.50003
48 0.24 0.272775 1.4133 3.50003
49 0.245 0.279886 1.43098 3.50003
50 0.25 0.287085 1.44902 3.50003
51 0.255 0.294376 1.46743 3.50003
52 0.26 0.30176 1.48621 3.50003
53 0.265 0.309238 1.50535 3.50003
54 0.27 0.316813 1.52485 3.50003
55 0.275 0.324487 1.54471 3.50003
56 0.28 0.33226 1.56493 3.50003
57 0.285 0.340136 1.5855 3.50003
58 0.29 0.348115 1.60642 3.50004
59 0.295 0.3562 1.62767 3.50004
60 0.3 0.364392 1.64927 3.50004
61 0.305 0.372693 1.6712 3.50004
62 0.31 0.381104 1.69345 3.50004
63 0.315 0.389627 1.71602 3.50004
64 0.32 0.398264 1.73891 3.50004
65 0.325 0.407016 1.7621 3.50004
66 0.33 0.415885 1.78559 3.50004
67 0.335 0.424872 1.80937 3.50004
68 0.34 0.433979 1.83342 3.50004
69 0.345 0.443206 1.85775 3.50004
70 0.35 0.452556 1.88233 3.50004
71 0.355 0.46203 1.90717 3.50003
72 0.36 0.471628 1.93223 3.50003
73 0.365 0.481352 1.95753 3.50003
74 0.37 0.491203 1.98303 3.50003
75 0.375 0.501182 2.00873 3.50003
76 0.38 0.511291 2.03462 3.50003
77 0.385 0.521529 2.06067 3.50003
78 0.39 0.531897 2.08687 3.50002
79 0.395 0.542397 2.1132 3.50002
80 0.4 0.553029 2.13966 3.50002
81 0.405 0.563794 2.16621 3.50001
82 0.41 0.574691 2.19284 3.50001
83 0.415 0.585722 2.21953 3.50001
84 0.42 0.596887 2.24627 3.5
85 0.425 0.608185 2.27302 3.5
86 0.43 0.619617 2.29977 3.5
87 0.435 0.631183 2.32649 3.49999
88 0.44 0.642882 2.35316 3.49999
89 0.445 0.654714 2.37976 3.49998
90 0.45 0.666679 2.40627 3.49998
91 0.455 0.678777 2.43265 3.49997
92 0.46 0.691006 2.45889 3.49996
93 0.465 0.703366 2.48495 3.49996
94 0.47 0.715855 2.51082 3.49995
95 0.475 0.728474 2.53646 3.49994
96 0.48 0.74122 2.56184 3.49994
97 0.485 0.754092 2.58695 3.49993
98 0.49 0.767089 2.61174 3.49992
99 0.495 0.78021 2.6362 3.49992
100 0.5 0.793451 2.6603 3.49991
101 0.505 0.806813 2.68401 3.4999
102 0.51 0.820292 2.7073 3.49989
103 0.515 0.833886 2.73014 3.49988
104 0.52 0.847593 2.75251 3.49988
105 0.525 0.861411 2.77438 3.49987
106 0.53 0.875337 2.79572 3.49986
107 0.535 0.889368 2.81651 3.49985
108 0.54 0.903502 2.83673 3.49984
109 0.545 0.917735 2.85634 3.49984
110 0.55 0.932065 2.87532 3.49983
111 0.555 0.946489 2.89366 3.49982
112 0.56 0.961002 2.91132 3.49982
113 0.565 0.975602 2.9283 3.49981
114 0.57 0.990285 2.94456 3.4998
115 0.575 1.00505 2.96009 3.4998
116 0.58 1.01989 2.97488 3.49979
117 0.585 1.0348 2.9889 3.49979
118 0.59 1.04977 3.00215 3.49978
119 0.595 1.06482 3.0146 3.49978
120 0.6 1.07992 3.02626 3.49977
121 0.605 1.09508 3.03711 3.49977
122 0.61 1.11029 3.04714 3.49977
123 0.615 1.12555 3.05634 3.49976
124 0.62 1.14086 3.06472 3.49976
125 0.625 1.1562 3.07227 3.49976
126 0.63 1.17158 3.07899 3.49976
127 0.635 1.18699 3.08487 3.49976
128 0.64 1.20243 3.08993 3.49976
129 0.645 1.21789 3.09417 3.49976
130 0.65 1.23337 3.09759 3.49976
131 0.655 1.24886 3.10021 3.49977
132 0.66 1.26437 3.10203 3.49977
133 0.665 1.27988 3.10306 3.49977
134 0.67 1.2954 3.10332 3.49978
135 0.675 1.31092 3.10283 3.49978
136 0.68 1.32643 3.1016 3.49978
137 0.685 1.34193 3.09964 3.49979
138 0.69 1.35743 3.09698 3.4998
139 0.695 1.3729 3.09364 3.4998
140 0.7 1.38836 3.08964 3.49981
141 0.705 1.4038 3.085 3.49981
142 0.71 1.41921 3.07976 3.49982
143 0.715 1.4346 3.07392 3.49983
144 0.72 1.44995 3.06753 3.49984
145 0.725 1.46527 3.0606 3.49984
146 0.73 1.48056 3.05317 3.49985
147 0.735 1.4958 3.04526 3.49986
148 0.74 1.51101 3.0369 3.49987
149 0.745 1.52617 3.02812 3.49988
150 0.75 1.54129 3.01895 3.49988
151 0.755 1.55636 3.00943 3.49989
152 0.76 1.57139 2.99957 3.4999
153 0.765 1.58636 2.98942 3.49991
154 0.77 1.60128 2.979 3.49992
155 0.775 1.61615 2.96834 3.49992
156 0.78 1.63096 2.95747 3.49993
157 0.785 1.64572 2.94642 3.49994
158 0.79 1.66043 2.93522 3.49995
159 0.795 1.67508 2.92391 3.49995
160 0.8 1.68967 2.9125 3.49996
161 0.805 1.7042 2.90103 3.49997
162 0.81 1.71868 2.88952 3.49997
163 0.815 1.7331 2.87801 3.49998
164 0.82 1.74746 2.86651 3.49999
165 0.825 1.76176 2.85506 3.49999
166 0.83 1.77601 2.84368 3.5
167 0.835 1.7902 2.83239 3.5
168 0.84 1.80433 2.82122 3.50001
169 0.845 1.81841 2.81019 3.50001
170 0.85 1.83243 2.79932 3.50002
171 0.855 1.8464 2.78864 3.50002
172 0.86 1.86032 2.77817 3.50003
173 0.865 1.87418 2.76791 3.50003
174 0.87 1.888 2.75791 3.50004
175 0.875 1.90176 2.74816 3.50004
176 0.88 1.91548 2.73869 3.50004
177 0.885 1.92915 2.72952 3.50004
178 0.89 1.94278 2.72065 3.50005
179 0.895 1.95636 2.71212 3.50005
180 0.9 1.9699 2.70392 3.50005
181 0.905 1.9834 2.69607 3.50005
182 0.91 1.99686 2.68858 3.50006
183 0.915 2.01028 2.68147 3.50006
184 0.92 2.02367 2.67475 3.50006
185 0.925 2.03703 2.66841 3.50006
186 0.93 2.05036 2.66248 3.50006
187 0.935 2.06365 2.65696 3.50006
188 0.94 2.07693 2.65186 3.50007
189 0.945 2.09017 2.64718 3.50007
190 0.95 2.1034 2.64293 3.50007
191 0.955 2.1166 2.63911 3.50007
192 0.96 2.12979 2.63573 3.50007
193 0.965 2.14296 2.63278 3.50007
194 0.97 2.15612 2.63028 3.50007
195 0.975 2.16926 2.62822 3.50007
196 0.98 2.1824 2.62661 3.50007
197 0.985 2.19553 2.62543 3.50007
198 0.99 2.20865 2.6247 3.50007
199 0.995 2.22178 2.62441 3.50007
200 1 2.2349 2.62456 3.50007
201 1.005 2.24802 2.62515 3.50007
202 1.01 2.26115 2.62616 3.50006
203 1.015 2.27428 2.6276 3.50006
204 1.02 2.28742 2.62947 3.50006
205 1.025 2.30058 2.63175 3.50006
206 1.03 2.31374 2.63444 3.50006
207 1.035 2.32692 2.63753 3.50006
208 1.04 2.34012 2.64101 3.50006
209 1.045 2.35333 2.64488 3.50005
210 1.05 2.36657 2.64913 3.50005
211 1.055 2.37982 2.65374 3.50005
212 1.06 2.3931 2.65871 3.50005
213 1.065 2.40641 2.66403 3.50005
214 1.07 2.41974 2.66967 3.50004
215 1.075 2.43311 2.67564 3.50004
216 1.08 2.4465 2.68191 3.50004
217 1.085 2.45993 2.68848 3.50004
218 1.09 2.47339 2.69532 3.50003
219 1.095 2.48688 2.70243 3.50003
220 1.1 2.50041 2.70979 3.50003
221 1.105 2.51398 2.71738 3.50002
222 1.11 2.52758 2.72519 3.50002
223 1.115 2.54123 2.7332 3.50002
224 1.12 2.55492 2.7414 3.50001
225 1.125 2.56864 2.74975 3.50001
226 1.13 2.58241 2.75826 3.5
227 1.135 2.59623 2.76689 3.5
228 1.14 2.61008 2.77563 3.49999
229 1.145 2.62398 2.78446 3.49999
230 1.15 2.63793 2.79337 3.49999
231 1.155 2.65192 2.80232 3.49998
232 1.16 2.66595 2.8113 3.49998
233 1.165 2.68003 2.8203 3.49997
234 1.17 2.69415 2.82928 3.49997
235 1.175 2.70832 2.83823 3.49996
236 1.18 2.72253 2.84713 3.49996
237 1.185 2.73679 2.85596 3.49995
238 1.19 2.75109 2.86469 3.49995
239 1.195 2.76544 2.87331 3.49994
240 1.2 2.77983 2.8818 3.49994
241 1.205 2.79426 2.89013 3.49993
242 1.21 2.80873 2.89829 3.49993
243 1.215 2.82324 2.90626 3.49992
244 1.22 2.83779 2.91401 3.49992
245 1.225 2.85238 2.92154 3.49991
246 1.23 2.86701 2.92881 3.49991
247 1.235 2.88167 2.93581 3.4999
248 1.24 2.89637 2.94253 3.4999
249 1.245 2.91109 2.94894 3.49989
250 1.25 2.92585 2.95504 3.49989
251 1.255 2.94064 2.9608 3.49989
252 1.26 2.95546 2.96621 3.49988
253 1.265 2.97031 2.97126 3.49988
254 1.27 2.98518 2.97594 3.49988
255 1.275 3.00007 2.98023 3.49987
256 1.28 3.01498 2.98412 3.49987
257 1.285 3.02991 2.9876 3.49987
258 1.29 3.04485 2.99066 3.49987
259 1.295 3.05981 2.9933 3.49986
260 1.3 3.07479 2.99551 3.49986
261 1.305 3.08977 2.99727 3.49986
262 1.31 3.10476 2.9986 3.49986
263 1.315 3.11975 2.99948 3.49986
264 1.32 3.13475 2.99991 3.49986
265 1.325 -3.13344 2.99989 3.49986
266 1.33 -3.11844 2.99942 3.49986
267 1.335 -3.10344 2.9985 3.49986
268 1.34 -3.08845 2.99714 3.49986
269 1.345 -3.07347 2.99533 3.49986
270 1.35 -3.0585 2.99309 3.49986
271 1.355 -3.04354 2.99041 3.49987
272 1.36 -3.02859 2.98731 3.49987
273 1.365 -3.01367 2.98379 3.49987
274 1.37 -2.99876 2.97987 3.49987
275 1.375 -2.98387 2.97554 3.49988
276 1.38 -2.969 2.97084 3.49988
277 1.385 -2.95416 2.96575 3.49988
278 1.39 -2.93934 2.96031 3.49989
279 1.395 -2.92456 2.95452 3.49989
280 1.4 -2.9098 2.94839 3.49989
281 1.405 -2.89507 2.94195 3.4999
282 1.41 -2.88038 2.93521 3.4999
283 1.415 -2.86572 2.92818 3.49991
284 1.42 -2.8511 2.92089 3.49991
285 1.425 -2.83651 2.91334 3.49992
286 1.43 -2.82196 2.90557 3.49992
287 1.435 -2.80746 2.89759 3.49993
288 1.44 -2.79299 2.88941 3.49993
289 1.445 -2.77856 2.88106 3.49994
290 1.45 -2.76418 2.87256 3.49994
291 1.455 -2.74984 2.86393 3.49995
292 1.46 -2.73554 2.85518 3.49995
293 1.465 -2.72128 2.84635 3.49996
294 1.47 -2.70707 2.83744 3.49996
295 1.475 -2.69291 2.82849 3.49997
296 1.48 -2.67879 2.81951 3.49997
297 1.485 -2.66471 2.81051 3.49998
298 1.49 -2.65068 2.80153 3.49998
299 1.495 -2.6367 2.79258 3.49999
300 1.5 -2.62276 2.78369 3.49999
301 1.505 -2.60886 2.77486 3.5
302 1.51 -2.59501 2.76613 3.5
303 1.515 -2.5812 2.75751 3.5
304 1.52 -2.56744 2.74901 3.50001
305 1.525 -2.55371 2.74067 3.50001
306 1.53 -2.54003 2.73249 3.50002
307 1.535 -2.52639 2.7245 3.50002
308 1.54 -2.51278 2.71671 3.50002
309 1.545 -2.49922 2.70914 3.50003
310 1.55 -2.48569 2.7018 3.50003
311 1.555 -2.4722 2.69471 3.50003
312 1.56 -2.45875 2.68789 3.50004
313 1.565 -2.44532 2.68135 3.50004
314 1.57 -2.43193 2.6751 3.50004
315 1.575 -2.41857 2.66916 3.50004
316 1.58 -2.40524 2.66354 3.50005
317 1.585 -2.39194 2.65826 3.50005
318 1.59 -2.37866 2.65332 3.50005
319 1.595 -2.3654 2.64874 3.50005
320 1.6 -2.35217 2.64453 3.50005
321 1.605 -2.33896 2.64069 3.50006
322 1.61 -2.32576 2.63724 3.50006
323 1.615 -2.31259 2.63419 3.50006
324 1.62 -2.29942 2.63153 3.50006
325 1.625 -2.28627 2.62929 3.50006
326 1.63 -2.27313 2.62746 3.50006
327 1.635 -2.26 2.62606 3.50006
328 1.64 -2.24687 2.62508 3.50007
329 1.645 -2.23374 2.62453 3.50007
330 1.65 -2.22062 2.62442 3.50007
331 1.655 -2.2075 2.62475 3.50007
332 1.66 -2.19438 2.62552 3.50007
333 1.665 -2.18124 2.62673 3.50007
334 1.67 -2.16811 2.62839 3.50007
335 1.675 -2.15496 2.63048 3.50007
336 1.68 -2.1418 2.63302 3.50007
337 1.685 -2.12863 2.63601 3.50007
338 1.69 -2.11544 2.63943 3.50007
339 1.695 -2.10224 2.64328 3.50007
340 1.7 -2.08901 2.64757 3.50007
341 1.705 -2.07576 2.65229 3.50007
342 1.71 -2.06249 2.65743 3.50006
343 1.715 -2.04919 2.66299 3.50006
344 1.72 -2.03586 2.66895 3.50006
345 1.725 -2.0225 2.67532 3.50006
346 1.73 -2.0091 2.68208 3.50006
347 1.735 -1.99568 2.68923 3.50006
348 1.74 -1.98221 2.69674 3.50005
349 1.745 -1.96871 2.70462 3.50005
350 1.75 -1.95517 2.71285 3.50005
351 1.755 -1.94158 2.72142 3.50005
352 1.76 -1.92795 2.73031 3.50004
353 1.765 -1.91428 2.73951 3.50004
354 1.77 -1.90056 2.749 3.50004
355 1.775 -1.88679 2.75877 3.50003
356 1.78 -1.87297 2.7688 3.50003
357 1.785 -1.8591 2.77908 3.50003
358 1.79 -1.84518 2.78957 3.50002
359 1.795 -1.8312 2.80027 3.50002
360 1.8 -1.81718 2.81115 3.50001
361 1.805 -1.80309 2.82219 3.50001
362 1.81 -1.78895 2.83338 3.5
363 1.815 -1.77476 2.84467 3.5
364 1.82 -1.76051 2.85606 3.49999
365 1.825 -1.7462 2.86752 3.49999
366 1.83 -1.73183 2.87902 3.49998
367 1.835 -1.71741 2.89053 3.49997
368 1.84 -1.70293 2.90204 3.49997
369 1.845 -1.68839 2.9135 3.49996
370 1.85 -1.67379 2.92491 3.49995
371 1.855 -1.65914 2.93621 3.49995
372 1.86 -1.64443 2.9474 3.49994
373 1.865 -1.62966 2.95843 3.49993
374 1.87 -1.61484 2.96928 3.49992
375 1.875 -1.59997 2.97992 3.49992
376 1.88 -1.58505 2.99032 3.49991
377 1.885 -1.57007 3.00045 3.4999
378 1.89 -1.55504 3.01028 3.49989
379 1.895 -1.53997 3.01977 3.49988
380 1.9 -1.52484 3.02891 3.49988
381 1.905 -1.50968 3.03765 3.49987
382 1.91 -1.49447 3.04597 3.49986
383 1.915 -1.47922 3.05384 3.49985
384 1.92 -1.46393 3.06123 3.49984
385 1.925 -1.4486 3.06811 3.49984
386 1.93 -1.43325 3.07446 3.49983
387 1.935 -1.41786 3.08024 3.49982
388 1.94 -1.40244 3.08544 3.49981
389 1.945 -1.38701 3.09002 3.49981
390 1.95 -1.37154 3.09396 3.4998
391 1.955 -1.35607 3.09724 3.49979
392 1.96 -1.34057 3.09984 3.49979
393 1.965 -1.32507 3.10173 3.49978
394 1.97 -1.30955 3.1029 3.49978
395 1.975 -1.29404 3.10333 3.49977
396 1.98 -1.27852 3.103 3.49977
397 1.985 -1.26301 3.1019 3.49977
398 1.99 -1.2475 3.10001 3.49976
399 1.995 -1.23201 3.09733 3.49976
400 2 -1.21653 3.09383 3.49976
401 2.005 -1.20107 3.08952 3.49976
402 2.01 -1.18563 3.08439 3.49976
403 2.015 -1.17023 3.07843 3.49976
404 2.02 -1.15485 3.07164 3.49976
405 2.025 -1.13951 3.06402 3.49976
406 2.03 -1.12421 3.05557 3.49976
407 2.035 -1.10895 3.04629 3.49977
408 2.04 -1.09375 3.03619 3.49977
409 2.045 -1.07859 3.02527 3.49977
410 2.05 -1.06349 3.01354 3.49978
411 2.055 -1.04846 3.00101 3.49978
412 2.06 -1.03348 2.9877 3.49979
413 2.065 -1.01858 2.97361 3.49979
414 2.07 -1.00375 2.95876 3.4998
415 2.075 -0.988992 2.94316 3.4998
416 2.08 -0.974316 2.92683 3.49981
417 2.085 -0.959723 2.9098 3.49982
418 2.09 -0.945218 2.89207 3.49982
419 2.095 -0.930803 2.87368 3.49983
420 2.1 -0.916481 2.85464 3.49984
421 2.105 -0.902256 2.83498 3.49985
422 2.11 -0.888131 2.81471 3.49985
423 2.115 -0.874109 2.79387 3.49986
424 2.12 -0.860193 2.77248 3.49987
425 2.125 -0.846384 2.75057 3.49988
426 2.13 -0.832687 2.72815 3.49989
427 2.135 -0.819103 2.70527 3.49989
428 2.14 -0.805634 2.68194 3.4999
429 2.145 -0.792283 2.6582 3.49991
430 2.15 -0.779052 2.63407 3.49992
431 2.155 -0.765943 2.60958 3.49992
432 2.16 -0.752956 2.58475 3.49993
433 2.165 -0.740095 2.55962 3.49994
434 2.17 -0.72736 2.53421 3.49995
435 2.175 -0.714753 2.50855 3.49995
436 2.18 -0.702275 2.48267 3.49996
437 2.185 -0.689926 2.45659 3.49996
438 2.19 -0.677709 2.43034 3.49997
439 2.195 -0.665623 2.40394 3.49998
440 2.2 -0.653669 2.37743 3.49998
441 2.205 -0.641849 2.35082 3.49999
442 2.21 -0.630161 2.32414 3.49999
443 2.215 -0.618607 2.29742 3.5
444 2.22 -0.607187 2.27067 3.5
445 2.225 -0.595901 2.24392 3.5
446 2.23 -0.584748 2.21719 3.50001
447 2.235 -0.573729 2.1905 3.50001
448 2.24 -0.562843 2.16387 3.50002
449 2.245 -0.55209 2.13733 3.50002
450 2.25 -0.541469 2.11089 3.50002
451 2.255 -0.530981 2.08456 3.50002
452 2.26 -0.520624 2.05837 3.50003
453 2.265 -0.510397 2.03234 3.50003
454 2.27 -0.500301 2.00647 3.50003
455 2.275 -0.490333 1.98078 3.50003
456 2.28 -0.480493 1.9553 3.50003
457 2.285 -0.47078 1.93002 3.50003
458 2.29 -0.461192 1.90497 3.50003
459 2.295 -0.45173 1.88016 3.50004
460 2.3 -0.442391 1.8556 3.50004
461 2.305 -0.433174 1.8313 3.50004
462 2.31 -0.424078 1.80727 3.50004
463 2.315 -0.415101 1.78351 3.50004
464 2.32 -0.406243 1.76005 3.50004
465 2.325 -0.397501 1.73689 3.50004
466 2.33 -0.388874 1.71403 3.50004
467 2.335 -0.38036 1.69148 3.50004
468 2.34 -0.371959 1.66926 3.50004
469 2.345 -0.363668 1.64736 3.50004
470 2.35 -0.355485 1.62579 3.50004
471 2.355 -0.34741 1.60456 3.50004
472 2.36 -0.33944 1.58368 3.50003
473 2.365 -0.331573 1.56314 3.50003
474 2.37 -0.323808 1.54296 3.50003
475 2.375 -0.316144 1.52312 3.50003
476 2.38 -0.308577 1.50365 3.50003
477 2.385 -0.301107 1.48454 3.50003
478 2.39 -0.293732 1.4658 3.50003
479 2.395 -0.286449 1.44742 3.50003
480 2.4 -0.279258 1.42941 3.50003
481 2.405 -0.272155 1.41177 3.50003
482 2.41 -0.26514 1.3945 3.50003
483 2.415 -0.25821 1.37761 3.50003
484 2.42 -0.251364 1.36109 3.50002
485 2.425 -0.244599 1.34495 3.50002
486 2.43 -0.237914 1.32918 3.50002
487 2.435 -0.231307 1.31379 3.50002
488 2.44 -0.224776 1.29878 3.50002
489 2.445 -0.21832 1.28414 3.50002
490 2.45 -0.211935 1.26988 3.50002
491 2.455 -0.205621 1.25599 3.50002
492 2.46 -0.199375 1.24249 3.50002
493 2.465 -0.193196 1.22936 3.50002
494 2.47 -0.187081 1.2166 3.50002
495 2.475 -0.18103 1.20422 3.50001
496 2.48 -0.175039 1.19221 3.50001
497 2.485 -0.169108 1.18058 3.50001
498 2.49 -0.163234 1.16932 3.50001
499 2.495 -0.157415 1.15843 3.50001
500 2.5 -0.151649 1.14791 3.50001
501 2.505 -0.145936 1.13776 3.50001
502 2.51 -0.140272 1.12798 3.50001
503 2.515 -0.134656 1.11857 3.50001
504 2.52 -0.129086 1.10952 3.50001
505 2.525 -0.123561 1.10084 3.50001
506 2.53 -0.118078 1.09253 3.50001
507 2.535 -0.112635 1.08458 3.50001
508 2.54 -0.107232 1.07699 3.50001
509 2.545 -0.101865 1.06977 3.50001
510 2.55 -0.096534 1.0629 3.5
511 2.555 -0.0912362 1.0564 3.5
512 2.56 -0.08597 1.05025 3.5
513 2.565 -0.0807337 1.04447 3.5
514 2.57 -0.0755254 1.03904 3.5
515 2.575 -0.0703433 1.03396 3.5
516 2.58 -0.0651857 1.02925 3.5
517 2.585 -0.0600509 1.02488 3.5
518 2.59 -0.0549369 1.02087 3.5
519 2.595 -0.0498421 1.01722 3.5
520 2.6 -0.0447647 1.01391 3.5
521 2.605 -0.039703 1.01096 3.5
522 2.61 -0.0346551 1.00837 3.5
523 2.615 -0.0296193 1.00612 3.5
524 2.62 -0.0245939 1.00422 3.5
525 2.625 -0.0195771 1.00268 3.5
526 2.63 -0.0145671 1.00148 3.5
527 2.635 -0.00956223 1.00064 3.5
528 2.64 -0.00456071 1.00015 3.5
529 2.645 0.000439223 1 3.5
530 2.65 0.00543931 1.00021 3.5
531 2.655 0.0104413 1.00076 3.5
532 2.66 0.0154469 1.00167 3.5
533 2.665 0.020458 1.00292 3.5
534 2.67 0.0254762 1.00453 3.5
535 2.675 0.0305033 1.00649 3.5
536 2.68 0.0355411 1.0088 3.5
537 2.685 0.0405913 1.01146 3.5
538 2.69 0.0456557 1.01447 3.5
539 2.695 0.050736 1.01783 3.5
540 2.7 0.055834 1.02155 3.5
541 2.705 0.0609515 1.02562 3.5
542 2.71 0.0660902 1.03005 3.5
543 2.715 0.071252 1.03483 3.5
544 2.72 0.0764385 1.03997 3.5
545 2.725 0.0816516 1.04546 3.5
546 2.73 0.0868931 1.05131 3.5
547 2.735 0.0921647 1.05752 3.5
548 2.74 0.0974683 1.06408 3.5
549 2.745 0.102806 1.07101 3.50001
550 2.75 0.108178 1.0783 3.50001
551 2.755 0.113589 1.08595 3.50001
552 2.76 0.119038 1.09397 3.50001
553 2.765 0.124528 1.10234 3.50001
554 2.77 0.130061 1.11109 3.50001
555 2.775 0.135639 1.1202 3.50001
556 2.78 0.141263 1.12967 3.50001
557 2.785 0.146936 1.13952 3.50001
558 2.79 0.152658 1.14973 3.50001
559 2.795 0.158433 1.16031 3.50001
560 2.8 0.164262 1.17127 3.50001
561 2.805 0.170146 1.18259 3.50001
562 2.81 0.176088 1.19429 3.50001
563 2.815 0.182089 1.20637 3.50001
564 2.82 0.188151 1.21881 3.50002
565 2.825 0.194277 1.23164 3.50002
566 2.83 0.200468 1.24483 3.50002
567 2.835 0.206725 1.25841 3.50002
568 2.84 0.213052 1.27236 3.50002
569 2.845 0.219449 1.28668 3.50002
570 2.85 0.225918 1.30139 3.50002
571 2.855 0.232463 1.31647 3.50002
572 2.86 0.239083 1.33192 3.50002
573 2.865 0.245782 1.34776 3.50002
574 2.87 0.252561 1.36397 3.50002
575 2.875 0.259421 1.38055 3.50003
576 2.88 0.266366 1.39751 3.50003
577 2.885 0.273397 1.41484 3.50003
578 2.89 0.280515 1.43255 3.50003
579 2.895 0.287722 1.45062 3.50003
580 2.9 0.295021 1.46906 3.50003
581 2.905 0.302413 1.48787 3.50003
582 2.91 0.3099 1.50705 3.50003
583 2.915 0.317483 1.52658 3.50003
584 2.92 0.325165 1.54648 3.50003
585 2.925 0.332948 1.56672 3.50003
586 2.93 0.340833 1.58732 3.50003
587 2.935 0.348821 1.60827 3.50004
588 2.94 0.356915 1.62956 3.50004
589 2.945 0.365117 1.65118 3.50004
590 2.95 0.373427 1.67314 3.50004
591 2.955 0.381848 1.69542 3.50004
592 2.96 0.390381 1.71802 3.50004
593 2.965 0.399028 1.74093 3.50004
594 2.97 0.407791 1.76415 3.50004
595 2.975 0.41667 1.78767 3.50004
596 2.98 0.425667 1.81147 3.50004
597 2.985 0.434785 1.83555 3.50004
598 2.99 0.444023 1.8599 3.50004
599 2.995 0.453383 1.8845 3.50004
600 3 0.462868 1.90936 3.50003
601 3.005 0.472477 1.93445 3.50003
602 3.01 0.482212 1.95976 3.50003
603 3.015 0.492075 1.98528 3.50003
604 3.02 0.502065 2.011 3.50003
605 3.025 0.512185 2.0369 3.50003
606 3.03 0.522434 2.06296 3.50003
607 3.035 0.532814 2.08918 3.50002
608 3.04 0.543326 2.11552 3.50002
609 3.045 0.55397 2.14199 3.50002
610 3.05 0.564746 2.16855 3.50001
611 3.055 0.575655 2.19519 3.50001
612 3.06 0.586698 2.22188 3.50001
613 3.065 0.597874 2.24862 3.5
614 3.07 0.609184 2.27537 3.5
615 3.075 0.620628 2.30211 3.5
616 3.08 0.632205 2.32883 3.49999
617 3.085 0.643916 2.3555 3.49999
618 3.09 0.65576 2.3821 3.49998
619 3.095 0.667737 2.40859 3.49998
620 3.1 0.679846 2.43496 3.49997
621 3.105 0.692086 2.46119 3.49996
622 3.11 0.704458 2.48723 3.49996
623 3.115 0.716959 2.51308 3.49995
624 3.12 0.729589 2.5387 3.49994
625 3.125 0.742346 2.56406 3.49994
626 3.13 0.755229 2.58914 3.49993
627 3.135 0.768237 2.61391 3.49992
628 3.14 0.781368 2.63834 3.49991
629 3.145 0.79462 2.6624 3.49991
630 3.15 0.807992 2.68607 3.4999
631 3.155 0.821481 2.70932 3.49989
632 3.16 0.835085 2.73213 3.49988
633 3.165 0.848802 2.75445 3.49988
634 3.17 0.86263 2.77628 3.49987
635 3.175 0.876565 2.79757 3.49986
636 3.18 0.890606 2.81831 3.49985
637 3.185 0.904748 2.83847 3.49984
638 3.19 0.91899 2.85803 3.49984
639 3.195 0.933329 2.87696 3.49983
640 3.2 0.94776 2.89524 3.49982
641 3.205 0.962281 2.91284 3.49981
642 3.21 0.976888 2.92975 3.49981
643 3.215 0.991579 2.94595 3.4998
644 3.22 1.00635 2.96142 3.4998
645 3.225 1.02119 2.97614 3.49979
646 3.23 1.03611 2.99009 3.49978
647 3.235 1.05109 3.00327 3.49978
648 3.24 1.06614 3.01566 3.49978
649 3.245 1.08125 3.02725 3.49977
650 3.25 1.09641 3.03802 3.49977
651 3.255 1.11163 3.04798 3.49977
652 3.26 1.12689 3.05711 3.49976
653 3.265 1.1422 3.06542 3.49976
654 3.27 1.15755 3.07289 3.49976
655 3.275 1.17293 3.07954 3.49976
656 3.28 1.18834 3.08535 3.49976
657 3.285 1.20378 3.09034 3.49976
658 3.29 1.21925 3.0945 3.49976
659 3.295 1.23473 3.09786 3.49976
660 3.3 1.25023 3.1004 3.49977
661 3.305 1.26573 3.10215 3.49977
662 3.31 1.28125 3.10312 3.49977
663 3.315 1.29676 3.10331 3.49978
664 3.32 1.31228 3.10275 3.49978
665 3.325 1.32779 3.10145 3.49978
666 3.33 1.34329 3.09943 3.49979
667 3.335 1.35879 3.09671 3.4998
668 3.34 1.37426 3.09332 3.4998
669 3.345 1.38972 3.08926 3.49981
670 3.35 1.40515 3.08457 3.49982
671 3.355 1.42057 3.07927 3.49982
672 3.36 1.43595 3.07338 3.49983
673 3.365 1.4513 3.06694 3.49984
674 3.37 1.46662 3.05997 3.49984
675 3.375 1.4819 3.05249 3.49985
676 3.38 1.49714 3.04454 3.49986
677 3.385 1.51234 3.03614 3.49987
678 3.39 1.5275 3.02733 3.49988
679 3.395 1.54262 3.01813 3.49988
680 3.4 1.55768 3.00858 3.49989
681 3.405 1.5727 2.99869 3.4999
682 3.41 1.58767 2.98851 3.49991
683 3.415 1.60259 2.97807 3.49992
684 3.42 1.61745 2.96739 3.49992
685 3.425 1.63226 2.9565 3.49993
686 3.43 1.64702 2.94544 3.49994
687 3.435 1.66172 2.93423 3.49995
688 3.44 1.67636 2.92291 3.49995
689 3.445 1.69095 2.91149 3.49996
690 3.45 1.70547 2.90002 3.49997
691 3.455 1.71995 2.88851 3.49997
692 3.46 1.73436 2.877 3.49998
693 3.465 1.74872 2.8655 3.49999
694 3.47 1.76301 2.85406 3.49999
695 3.475 1.77726 2.84268 3.5
696 3.48 1.79144 2.8314 3.5
697 3.485 1.80557 2.82024 3.50001
698 3.49 1.81964 2.80923 3.50001
699 3.495 1.83366 2.79838 3.50002
700 3.5 1.84763 2.78771 3.50002
701 3.505 1.86154 2.77726 3.50003
702 3.51 1.8754 2.76702 3.50003
703 3.515 1.88921 2.75704 3.50004
704 3.52 1.90297 2.74731 3.50004
705 3.525 1.91668 2.73787 3.50004
706 3.53 1.93035 2.72873 3.50005
707 3.535 1.94397 2.71989 3.50005
708 3.54 1.95755 2.71138 3.50005
709 3.545 1.97108 2.70321 3.50005
710 3.55 1.98458 2.6954 3.50006
711 3.555 1.99804 2.68794 3.50006
712 3.56 2.01146 2.68087 3.50006
713 3.565 2.02485 2.67417 3.50006
714 3.57 2.0382 2.66788 3.50006
715 3.575 2.05153 2.66198 3.50006
716 3.58 2.06482 2.6565 3.50006
717 3.585 2.07809 2.65143 3.50007
718 3.59 2.09134 2.64679 3.50007
719 3.595 2.10456 2.64258 3.50007
720 3.6 2.11776 2.63879 3.50007
721 3.605 2.13095 2.63545 3.50007
722 3.61 2.14412 2.63255 3.50007
723 3.615 2.15727 2.63008 3.50007
724 3.62 2.17042 2.62806 3.50007
725 3.625 2.18355 2.62649 3.50007
726 3.63 2.19668 2.62535 3.50007
727 3.635 2.20981 2.62466 3.50007
728 3.64 2.22293 2.62441 3.50007
729 3.645 2.23605 2.6246 3.50007
730 3.65 2.24917 2.62522 3.50007
731 3.655 2.2623 2.62627 3.50006
732 3.66 2.27544 2.62775 3.50006
733 3.665 2.28858 2.62965 3.50006
734 3.67 2.30173 2.63197 3.50006
735 3.675 2.3149 2.63469 3.50006
736 3.68 2.32808 2.63782 3.50006
737 3.685 2.34128 2.64134 3.50006
738 3.69 2.35449 2.64524 3.50005
739 3.695 2.36773 2.64952 3.50005
740 3.7 2.38099 2.65417 3.50005
741 3.705 2.39427 2.65917 3.50005
742 3.71 2.40758 2.66451 3.50005
743 3.715 2.42092 2.67018 3.50004
744 3.72 2.43428 2.67618 3.50004
745 3.725 2.44768 2.68247 3.50004
746 3.73 2.46111 2.68907 3.50004
747 3.735 2.47457 2.69594 3.50003
748 3.74 2.48807 2.70307 3.50003
749 3.745 2.5016 2.71045 3.50003
750 3.75 2.51517 2.71806 3.50002
751 3.755 2.52878 2.72589 3.50002
752 3.76 2.54243 2.73392 3.50001
753 3.765 2.55612 2.74212 3.50001
754 3.77 2.56985 2.7505 3.50001
755 3.775 2.58362 2.75901 3.5
756 3.78 2.59744 2.76766 3.5
757 3.785 2.6113 2.77641 3.49999
758 3.79 2.62521 2.78524 3.49999
759 3.795 2.63915 2.79415 3.49999
760 3.8 2.65315 2.80311 3.49998
761 3.805 2.66718 2.81209 3.49998
762 3.81 2.68127 2.82108 3.49997
763 3.815 2.6954 2.83007 3.49997
764 3.82 2.70957 2.83901 3.49996
765 3.825 2.72379 2.84791 3.49996
766 3.83 2.73805 2.85673 3.49995
767 3.835 2.75235 2.86545 3.49995
768 3.84 2.7667 2.87406 3.49994
769 3.845 2.78109 2.88254 3.49994
770 3.85 2.79553 2.89086 3.49993
771 3.855 2.81 2.899 3.49993
772 3.86 2.82452 2.90695 3.49992
773 3.865 2.83907 2.91469 3.49992
774 3.87 2.85366 2.92219 3.49991
775 3.875 2.86829 2.92943 3.49991
776 3.88 2.88296 2.93641 3.4999
777 3.885 2.89766 2.9431 3.4999
778 3.89 2.91239 2.94949 3.49989
779 3.895 2.92715 2.95556 3.49989
780 3.9 2.94195 2.96129 3.49989
781 3.905 2.95677 2.96667 3.49988
782 3.91 2.97161 2.97169 3.49988
783 3.915 2.98648 2.97633 3.49988
784 3.92 3.00138 2.98059 3.49987
785 3.925 3.01629 2.98444 3.49987
786 3.93 3.03122 2.98788 3.49987
787 3.935 3.04617 2.99091 3.49986
788 3.94 3.06113 2.99351 3.49986
789 3.945 3.0761 2.99568 3.49986
790 3.95 3.09109 2.99741 3.49986
791 3.955 3.10608 2.99869 3.49986
792 3.96 3.12107 2.99953 3.49986
793 3.965 3.13607 2.99992 3.49986
794 3.97 -3.13212 2.99986 3.49986
795 3.975 -3.11712 2.99935 3.49986
796 3.98 -3.10212 2.9984 3.49986
797 3.985 -3.08714 2.99699 3.49986
798 3.99 -3.07215 2.99515 3.49986
799 3.995 -3.05718 2.99287 3.49986
800 4 -3.04223 2.99015 3.49987
801 4.005 -3.02728 2.98702 3.49987
802 4.01 -3.01236 2.98346 3.49987
803 4.015 -2.99745 2.9795 3.49987
804 4.02 -2.98256 2.97515 3.49988
805 4.025 -2.9677 2.9704 3.49988
806 4.03 -2.95286 2.96529 3.49988
807 4.035 -2.93804 2.95981 3.49989
808 4.04 -2.92326 2.95399 3.49989
809 4.045 -2.9085 2.94784 3.49989
810 4.05 -2.89378 2.94137 3.4999
811 4.055 -2.87909 2.9346 3.4999
812 4.06 -2.86443 2.92755 3.49991
813 4.065 -2.84981 2.92023 3.49991
814 4.07 -2.83523 2.91267 3.49992
815 4.075 -2.82069 2.90488 3.49992
816 4.08 -2.80618 2.89687 3.49993
817 4.085 -2.79172 2.88868 3.49993
818 4.09 -2.7773 2.88032 3.49994
819 4.095 -2.76292 2.87181 3.49994
820 4.1 -2.74858 2.86316 3.49995
821 4.105 -2.73428 2.85441 3.49995
822 4.11 -2.72003 2.84557 3.49996
823 4.115 -2.70583 2.83666 3.49996
824 4.12 -2.69167 2.8277 3.49997
825 4.125 -2.67755 2.81872 3.49997
826 4.13 -2.66348 2.80972 3.49998
827 4.135 -2.64945 2.80074 3.49998
828 4.14 -2.63547 2.7918 3.49999
829 4.145 -2.62154 2.78291 3.49999
830 4.15 -2.60764 2.77409 3.5
831 4.155 -2.5938 2.76537 3.5
832 4.16 -2.57999 2.75675 3.5
833 4.165 -2.56623 2.74827 3.50001
834 4.17 -2.55251 2.73994 3.50001
835 4.175 -2.53883 2.73178 3.50002
836 4.18 -2.52519 2.72381 3.50002
837 4.185 -2.51159 2.71603 3.50002
838 4.19 -2.49803 2.70848 3.50003
839 4.195 -2.48451 2.70116 3.50003
840 4.2 -2.47102 2.6941 3.50003
841 4.205 -2.45756 2.6873 3.50004
842 4.21 -2.44414 2.68079 3.50004
843 4.215 -2.43076 2.67457 3.50004
844 4.22 -2.4174 2.66866 3.50004
845 4.225 -2.40407 2.66307 3.50005
846 4.23 -2.39077 2.65781 3.50005
847 4.235 -2.37749 2.65291 3.50005
848 4.24 -2.36424 2.64836 3.50005
849 4.245 -2.35101 2.64418 3.50005
850 4.25 -2.3378 2.64037 3.50006
851 4.255 -2.3246 2.63696 3.50006
852 4.26 -2.31143 2.63394 3.50006
853 4.265 -2.29827 2.63132 3.50006
854 4.27 -2.28511 2.62911 3.50006
855 4.275 -2.27197 2.62732 3.50006
856 4.28 -2.25884 2.62595 3.50006
857 4.285 -2.24571 2.62501 3.50007
858 4.29 -2.23259 2.62451 3.50007
859 4.295 -2.21947 2.62443 3.50007
860 4.3 -2.20635 2.6248 3.50007
861 4.305 -2.19322 2.62561 3.50007
862 4.31 -2.18009 2.62686 3.50007
863 4.315 -2.16695 2.62855 3.50007
864 4.32 -2.15381 2.63069 3.50007
865 4.325 -2.14065 2.63327 3.50007
866 4.33 -2.12747 2.63629 3.50007
867 4.335 -2.11428 2.63975 3.50007
868 4.34 -2.10108 2.64364 3.50007
869 4.345 -2.08785 2.64797 3.50007
870 4.35 -2.0746 2.65273 3.50007
871 4.355 -2.06132 2.6579 3.50006
872 4.36 -2.04802 2.6635 3.50006
873 4.365 -2.03468 2.6695 3.50006
874 4.37 -2.02132 2.6759 3.50006
875 4.375 -2.00793 2.68269 3.50006
876 4.38 -1.99449 2.68987 3.50006
877 4.385 -1.98103 2.69742 3.50005
878 4.39 -1.96752 2.70533 3.50005
879 4.395 -1.95397 2.71359 3.50005
880 4.4 -1.94038 2.72219 3.50005
881 4.405 -1.92675 2.73111 3.50004
882 4.41 -1.91307 2.74033 3.50004
883 4.415 -1.89935 2.74985 3.50004
884 4.42 -1.88558 2.75965 3.50003
885 4.425 -1.87175 2.7697 3.50003
886 4.43 -1.85788 2.77999 3.50003
887 4.435 -1.84395 2.7905 3.50002
888 4.44 -1.82997 2.80122 3.50002
889 4.445 -1.81594 2.81212 3.50001
890 4.45 -1.80185 2.82317 3.50001
891 4.455 -1.78771 2.83436 3.5
892 4.46 -1.77351 2.84567 3.5
893 4.465 -1.75925 2.85707 3.49999
894 4.47 -1.74494 2.86853 3.49999
895 4.475 -1.73057 2.88003 3.49998
896 4.48 -1.71614 2.89154 3.49997
897 4.485 -1.70165 2.90305 3.49997
898 4.49 -1.68711 2.91451 3.49996
899 4.495 -1.67251 2.9259 3.49995
900 4.5 -1.65785 2.9372 3.49995
901 4.505 -1.64313 2.94837 3.49994
902 4.51 -1.62836 2.95939 3.49993
903 4.515 -1.61354 2.97023 3.49992
904 4.52 -1.59866 2.98085 3.49991
905 4.525 -1.58373 2.99122 3.49991
906 4.53 -1.56875 3.00133 3.4999
907 4.535 -1.55372 3.01113 3.49989
908 4.54 -1.53864 3.02059 3.49988
909 4.545 -1.52351 3.02969 3.49987
910 4.55 -1.50834 3.0384 3.49987
911 4.555 -1.49313 3.04668 3.49986
912 4.56 -1.47787 3.05451 3.49985
913 4.565 -1.46258 3.06186 3.49984
914 4.57 -1.44726 3.06869 3.49983
915 4.575 -1.4319 3.07499 3.49983
916 4.58 -1.41651 3.08072 3.49982
917 4.585 -1.40109 3.08586 3.49981
918 4.59 -1.38565 3.09039 3.49981
919 4.595 -1.37019 3.09428 3.4998
920 4.6 -1.3547 3.0975 3.49979
921 4.605 -1.33921 3.10003 3.49979
922 4.61 -1.3237 3.10187 3.49978
923 4.615 -1.30819 3.10297 3.49978
924 4.62 -1.29267 3.10333 3.49977
925 4.625 -1.27716 3.10294 3.49977
926 4.63 -1.26165 3.10177 3.49977
927 4.635 -1.24614 3.09981 3.49976
928 4.64 -1.23065 3.09705 3.49976
929 4.645 -1.21517 3.09349 3.49976
930 4.65 -1.19971 3.0891 3.49976
931 4.655 -1.18428 3.0839 3.49976
932 4.66 -1.16887 3.07787 3.49976
933 4.665 -1.1535 3.071 3.49976
934 4.67 -1.13816 3.06331 3.49976
935 4.675 -1.12287 3.05479 3.49976
936 4.68 -1.10762 3.04543 3.49977
937 4.685 -1.09241 3.03526 3.49977
938 4.69 -1.07726 3.02427 3.49977
939 4.695 -1.06217 3.01247 3.49978
940 4.7 -1.04714 2.99988 3.49978
941 4.705 -1.03217 2.98649 3.49979
942 4.71 -1.01727 2.97233 3.49979
943 4.715 -1.00245 2.95742 3.4998
944 4.72 -0.987699 2.94175 3.4998
945 4.725 -0.973031 2.92537 3.49981
946 4.73 -0.958446 2.90827 3.49982
947 4.735 -0.943948 2.89048 3.49982
948 4.74 -0.929541 2.87203 3.49983
949 4.745 -0.915228 2.85294 3.49984
950 4.75 -0.901011 2.83322 3.49985
951 4.755 -0.886895 2.8129 3.49985
952 4.76 -0.872882 2.79201 3.49986
953 4.765 -0.858975 2.77058 3.49987
954 4.77 -0.845177 2.74862 3.49988
955 4.775 -0.831489 2.72616 3.49989
956 4.78 -0.817915 2.70324 3.49989
957 4.785 -0.804457 2.67987 3.4999
958 4.79 -0.791116 2.6561 3.49991
959 4.795 -0.777896 2.63193 3.49992
960 4.8 -0.764797 2.60741 3.49992
961 4.805 -0.751822 2.58256 3.49993
962 4.81 -0.738971 2.5574 3.49994
963 4.815 -0.726248 2.53197 3.49995
964 4.82 -0.713652 2.50629 3.49995
965 4.825 -0.701185 2.48039 3.49996
966 4.83 -0.688848 2.45429 3.49996
967 4.835 -0.676642 2.42803 3.49997
968 4.84 -0.664568 2.40162 3.49998
969 4.845 -0.652626 2.3751 3.49998
970 4.85 -0.640817 2.34848 3.49999
971 4.855 -0.629141 2.3218 3.49999
972 4.86 -0.617599 2.29507 3.5
973 4.865 -0.60619 2.26832 3.5
974 4.87 -0.594915 2.24157 3.5
975 4.875 -0.583774 2.21484 3.50001
976 4.88 -0.572767 2.18816 3.50001
977 4.885 -0.561893 2.16154 3.50002
978 4.89 -0.551152 2.135 3.50002
979 4.895 -0.540543 2.10857 3.50002
980 4.9 -0.530066 2.08225 3.50002
981 4.905 -0.51972 2.05608 3.50003
982 4.91 -0.509505 2.03006 3.50003
983 4.915 -0.49942 2.0042 3.50003
984 4.92 -0.489463 1.97854 3.50003
985 4.925 -0.479634 1.95307 3.50003
986 4.93 -0.469932 1.92781 3.50003
987 4.935 -0.460356 1.90279 3.50003
988 4.94 -0.450905 1.87799 3.50004
989 4.945 -0.441576 1.85345 3.50004
990 4.95 -0.43237 1.82918 3.50004
991 4.955 -0.423285 1.80517 3.50004
992 4.96 -0.414318 1.78144 3.50004
993 4.965 -0.40547 1.758 3.50004
994 4.97 -0.396738 1.73487 3.50004
995 4.975 -0.388121 1.71203 3.50004
996 4.98 -0.379618 1.68952 3.50004
997 4.985 -0.371226 1.66732 3.50004
998 4.99 -0.362945 1.64545 3.50004
999 4.995 -0.354772 1.62391 3.50004
1000 5 -0.346706 1.60272 3.50004
1001 5.005 -0.338745 1.58186 3.50003
1002 5.01 -0.330887 1.56135 3.50003
1003 5.015 -0.323131 1.5412 3.50003
1004 5.02 -0.315475 1.5214 3.50003
1005 5.025 -0.307917 1.50196 3.50003
1006 5.03 -0.300455 1.48288 3.50003
1007 5.035 -0.293088 1.46417 3.50003
1008 5.04 -0.285814 1.44582 3.50003
1009 5.045 -0.27863 1.42784 3.50003
1010 5.05 -0.271535 1.41024 3.50003
1011 5.055 -0.264528 1.393 3.50003
1012 5.06 -0.257605 1.37614 3.50003
1013 5.065 -0.250766 1.35966 3.50002
1014 5.07 -0.244009 1.34355 3.50002
1015 5.075 -0.237331 1.32781 3.50002
1016 5.08 -0.230731 1.31246 3.50002
1017 5.085 -0.224206 1.29747 3.50002
1018 5.09 -0.217756 1.28287 3.50002
1019 5.095 -0.211378 1.26864 3.50002
1020 5.1 -0.205069 1.25479 3.50002
1021 5.105 -0.19883 1.24132 3.50002
1022 5.11 -0.192656 1.22822 3.50002
1023 5.115 -0.186547 1.2155 3.50002
1024 5.12 -0.180501 1.20315 3.50001
1025 5.125 -0.174516 1.19117 3.50001
1026 5.13 -0.16859 1.17957 3.50001
1027 5.135 -0.16272 1.16834 3.50001
1028 5.14 -0.156906 1.15749 3.50001
1029 5.145 -0.151145 1.147 3.50001
1030 5.15 -0.145436 1.13689 3.50001
1031 5.155 -0.139776 1.12714 3.50001
1032 5.16 -0.134165 1.11776 3.50001
1033 5.165 -0.128599 1.10875 3.50001
1034 5.17 -0.123077 1.1001 3.50001
1035 5.175 -0.117598 1.09182 3.50001
1036 5.18 -0.112159 1.0839 3.50001
1037 5.185 -0.106759 1.07634 3.50001
1038 5.19 -0.101396 1.06915 3.5
1039 5.195 -0.0960673 1.06232 3.5
1040 5.2 -0.0907724 1.05585 3.5
1041 5.205 -0.0855089 1.04973 3.5
1042 5.21 -0.0802751 1.04398 3.5
1043 5.215 -0.0750691 1.03858 3.5
1044 5.22 -0.0698893 1.03353 3.5
1045 5.225 -0.0647338 1.02885 3.5
1046 5.23 -0.0596008 1.02452 3.5
1047 5.235 -0.0544886 1.02054 3.5
1048 5.24 -0.0493954 1.01691 3.5
1049 5.245 -0.0443195 1.01364 3.5
1050 5.25 -0.039259 1.01072 3.5
1051 5.255 -0.0342123 1.00816 3.5
1052 5.26 -0.0291775 1.00594 3.5
1053 5.265 -0.0241529 1.00407 3.5
1054 5.27 -0.0191367 1.00256 3.5
1055 5.275 -0.0141273 1.0014 3.5
1056 5.28 -0.00912277 1.00058 3.5
1057 5.285 -0.00412145 1.00012 3.5
1058 5.29 0.000878419 1.00001 3.5
1059 5.295 0.0058786 1.00024 3.5
1060 5.3 0.0108808 1.00083 3.5
1061 5.305 0.0158869 1.00176 3.5
1062 5.31 0.0208985 1.00305 3.5
1063 5.315 0.0259174 1.00469 3.5
1064 5.32 0.0309454 1.00668 3.5
1065 5.325 0.0359842 1.00902 3.5
1066 5.33 0.0410356 1.01171 3.5
1067 5.335 0.0461013 1.01475 3.5
1068 5.34 0.0511831 1.01815 3.5
1069 5.345 0.0562827 1.0219 3.5
1070 5.35 0.061402 1.026 3.5
1071 5.355 0.0665427 1.03045 3.5
1072 5.36 0.0717066 1.03527 3.5
1073 5.365 0.0768954 1.04043 3.5
1074 5.37 0.0821109 1.04596 3.5
1075 5.375 0.0873549 1.05184 3.5
1076 5.38 0.0926293 1.05808 3.5
1077 5.385 0.0979357 1.06468 3.5
1078 5.39 0.103276 1.07164 3.50001
1079 5.395 0.108652 1.07896 3.50001
1080 5.4 0.114066 1.08664 3.50001
1081 5.405 0.119519 1.09469 3.50001
1082 5.41 0.125013 1.1031 3.50001
1083 5.415 0.130549 1.11187 3.50001
1084 5.42 0.136131 1.12101 3.50001
1085 5.425 0.14176 1.13052 3.50001
1086 5.43 0.147436 1.1404 3.50001
1087 5.435 0.153164 1.15064 3.50001
1088 5.44 0.158943 1.16126 3.50001
1089 5.445 0.164776 1.17225 3.50001
1090 5.45 0.170665 1.18361 3.50001
1091 5.455 0.176612 1.19534 3.50001
1092 5.46 0.182619 1.20744 3.50001
1093 5.465 0.188687 1.21992 3.50002
1094 5.47 0.194818 1.23278 3.50002
1095 5.475 0.201015 1.24601 3.50002
1096 5.48 0.207278 1.25962 3.50002
1097 5.485 0.213611 1.2736 3.50002
1098 5.49 0.220014 1.28796 3.50002
1099 5.495 0.22649 1.3027 3.50002
1100 5.5 0.233041 1.31781 3.50002
1101 5.505 0.239668 1.3333 3.50002
1102 5.51 0.246374 1.34917 3.50002
1103 5.515 0.25316 1.36541 3.50002
1104 5.52 0.260028 1.38203 3.50003
1105 5.525 0.26698 1.39902 3.50003
1106 5.53 0.274018 1.41638 3.50003
1107 5.535 0.281144 1.43412 3.50003
1108 5.54 0.28836 1.45223 3.50003
1109 5.545 0.295666 1.4707 3.50003
1110 5.55 0.303067 1.48954 3.50003
1111 5.555 0.310562 1.50875 3.50003
1112 5.56 0.318154 1.52832 3.50003
1113 5.565 0.325845 1.54824 3.50003
1114 5.57 0.333636 1.56852 3.50003
1115 5.575 0.34153 1.58915 3.50003
1116 5.58 0.349528 1.61013 3.50004
1117 5.585 0.357631 1.63144 3.50004
1118 5.59 0.365842 1.6531 3.50004
1119 5.595 0.374162 1.67508 3.50004
1120 5.6 0.382593 1.69739 3.50004
1121 5.605 0.391136 1.72002 3.50004
1122 5.61 0.399793 1.74296 3.50004
1123 5.615 0.408566 1.76621 3.50004
1124 5.62 0.417455 1.78975 3.50004
1125 5.625 0.426463 1.81357 3.50004
1126 5.63 0.435591 1.83768 3.50004
1127 5.635 0.44484 1.86205 3.50004
1128 5.64 0.454212 1.88668 3.50003
1129 5.645 0.463707 1.91155 3.50003
1130 5.65 0.473327 1.93666 3.50003
1131 5.655 0.483074 1.96199 3.50003
1132 5.66 0.492947 1.98753 3.50003
1133 5.665 0.502949 2.01327 3.50003
1134 5.67 0.51308 2.03918 3.50003
1135 5.675 0.523341 2.06526 3.50002
1136 5.68 0.533732 2.09149 3.50002
1137 5.685 0.544256 2.11784 3.50002
1138 5.69 0.554911 2.14432 3.50002
1139 5.695 0.565699 2.17088 3.50001
1140 5.7 0.57662 2.19753 3.50001
1141 5.705 0.587674 2.22423 3.50001
1142 5.71 0.598862 2.25097 3.5
1143 5.715 0.610184 2.27772 3.5
1144 5.72 0.621639 2.30446 3.49999
1145 5.725 0.633228 2.33118 3.49999
1146 5.73 0.644951 2.35784 3.49999
1147 5.735 0.656807 2.38443 3.49998
1148 5.74 0.668795 2.41091 3.49997
1149 5.745 0.680916 2.43727 3.49997
1150 5.75 0.693168 2.46348 3.49996
1151 5.755 0.705551 2.48951 3.49996
1152 5.76 0.718063 2.51534 3.49995
1153 5.765 0.730704 2.54093 3.49994
1154 5.77 0.743472 2.56627 3.49994
1155 5.775 0.756367 2.59133 3.49993
1156 5.78 0.769386 2.61607 3.49992
1157 5.785 0.782527 2.64047 3.49991
1158 5.79 0.79579 2.6645 3.49991
1159 5.795 0.809172 2.68813 3.4999
1160 5.8 0.822672 2.71135 3.49989
1161 5.805 0.836286 2.73411 3.49988
1162 5.81 0.850013 2.75639 3.49988
1163 5.815 0.86385 2.77817 3.49987
1164 5.82 0.877794 2.79942 3.49986
1165 5.825 0.891844 2.82011 3.49985
1166 5.83 0.905996 2.84022 3.49984
1167 5.835 0.920246 2.85972 3.49984
1168 5.84 0.934593 2.87859 3.49983
1169 5.845 0.949032 2.89681 3.49982
1170 5.85 0.963561 2.91436 3.49981
1171 5.855 0.978176 2.93121 3.49981
1172 5.86 0.992873 2.94734 3.4998
1173 5.865 1.00765 2.96274 3.4998
1174 5.87 1.0225 2.9774 3.49979
1175 5.875 1.03742 2.99128 3.49978
1176 5.88 1.05241 3.00439 3.49978
1177 5.885 1.06747 3.01671 3.49977
1178 5.89 1.08258 3.02823 3.49977
1179 5.895 1.09775 3.03893 3.49977
1180 5.9 1.11297 3.04881 3.49976
1181 5.905 1.12824 3.05787 3.49976
1182 5.91 1.14355 3.06611 3.49976
1183 5.915 1.1589 3.07351 3.49976
1184 5.92 1.17428 3.08008 3.49976
1185 5.925 1.1897 3.08582 3.49976
1186 5.93 1.20514 3.09074 3.49976
1187 5.935 1.22061 3.09483 3.49976
1188 5.94 1.23609 3.09811 3.49976
1189 5.945 1.25159 3.10059 3.49977
1190 5.95 1.2671 3.10227 3.49977
1191 5.955 1.28261 3.10316 3.49977
1192 5.96 1.29813 3.10329 3.49978
1193 5.965 1.31364 3.10267 3.49978
1194 5.97 1.32915 3.1013 3.49979
1195 5.975 1.34466 3.09922 3.49979
1196 5.98 1.36015 3.09644 3.4998
1197 5.985 1.37562 3.09298 3.4998
1198 5.99 1.39108 3.08887 3.49981
1199 5.995 1.40651 3.08413 3.49982
1200 6 1.42192 3.07877 3.49982
1201 6.005 1.4373 3.07284 3.49983
1202 6.01 1.45265 3.06635 3.49984
1203 6.015 1.46796 3.05933 3.49985
1204 6.02 1.48324 3.05181 3.49985
1205 6.025 1.49848 3.04382 3.49986
1206 6.03 1.51368 3.03539 3.49987
1207 6.035 1.52883 3.02654 3.49988
1208 6.04 1.54394 3.01731 3.49989
1209 6.045 1.55901 3.00772 3.49989
1210 6.05 1.57402 2.99781 3.4999
1211 6.055 1.58898 2.98761 3.49991
1212 6.06 1.6039 2.97714 3.49992
1213 6.065 1.61876 2.96644 3.49993
1214 6.07 1.63356 2.95554 3.49993
1215 6.075 1.64831 2.94446 3.49994
1216 6.08 1.663 2.93324 3.49995
1217 6.085 1.67764 2.92191 3.49996
1218 6.09 1.69222 2.91049 3.49996
1219 6.095 1.70675 2.89901 3.49997
1220 6.1 1.72121 2.8875 3.49998
1221 6.105 1.73562 2.87598 3.49998
1222 6.11 1.74997 2.86449 3.49999
1223 6.115 1.76427 2.85305 3.49999
1224 6.12 1.7785 2.84169 3.5
1225 6.125 1.79268 2.83042 3.5
1226 6.13 1.80681 2.81927 3.50001
1227 6.135 1.82088 2.80827 3.50001
1228 6.14 1.83489 2.79743 3.50002
1229 6.145 1.84885 2.78679 3.50002
1230 6.15 1.86276 2.77635 3.50003
1231 6.155 1.87662 2.76614 3.50003
1232 6.16 1.89042 2.75617 3.50004
1233 6.165 1.90418 2.74647 3.50004
1234 6.17 1.91789 2.73706 3.50004
1235 6.175 1.93155 2.72794 3.50005
1236 6.18 1.94516 2.71913 3.50005
1237 6.185 1.95874 2.71065 3.50005
1238 6.19 1.97227 2.70251 3.50005
1239 6.195 1.98576 2.69473 3.50006
1240 6.2 1.99922 2.68731 3.50006
1241 6.205 2.01264 2.68026 3.50006
1242 6.21 2.02602 2.6736 3.50006
1243 6.215 2.03937 2.66734 3.50006
1244 6.22 2.05269 2.66148 3.50006
1245 6.225 2.06599 2.65604 3.50006
1246 6.23 2.07925 2.65101 3.50007
1247 6.235 2.0925 2.6464 3.50007
1248 6.24 2.10572 2.64223 3.50007
1249 6.245 2.11892 2.63848 3.50007
1250 6.25 2.1321 2.63518 3.50007
1251 6.255 2.14527 2.63231 3.50007
1252 6.26 2.15843 2.62989 3.50007
1253 6.265 2.17157 2.62791 3.50007
1254 6.27 2.18471 2.62637 3.50007
1255 6.275 2.19783 2.62527 3.50007
1256 6.28 2.21096 2.62462 3.50007
1257 6.285 2.22408 2.62441 3.50007
1258 6.29 2.2372 2.62463 3.50007
1259 6.295 2.25033 2.62529 3.50007
1260 6.3 2.26346 2.62639 3.50006
1261 6.305 2.27659 2.6279 3.50006
1262 6.31 2.28973 2.62984 3.50006
1263 6.315 2.30289 2.63219 3.50006
1264 6.32 2.31606 2.63495 3.50006
1265 6.325 2.32924 2.63811 3.50006
1266 6.33 2.34244 2.64167 3.50006
1267 6.335 2.35566 2.6456 3.50005
1268 6.34 2.36889 2.64991 3.50005
1269 6.345 2.38215 2.65459 3.50005
1270 6.35 2.39544 2.65962 3.50005
1271 6.355 2.40875 2.66499 3.50005
1272 6.36 2.42209 2.6707 3.50004
1273 6.365 2.43546 2.67672 3.50004
1274 6.37 2.44886 2.68304 3.50004
1275 6.375 2.46229 2.68966 3.50003
1276 6.38 2.47575 2.69655 3.50003
1277 6.385 2.48925 2.70371 3.50003
1278 6.39 2.50279 2.71111 3.50003
1279 6.395 2.51636 2.71874 3.50002
1280 6.4 2.52998 2.72659 3.50002
1281 6.405 2.54363 2.73463 3.50001
1282 6.41 2.55732 2.74285 3.50001
1283 6.415 2.57106 2.75124 3.50001
1284 6.42 2.58484 2.75977 3.5
1285 6.425 2.59866 2.76842 3.5
1286 6.43 2.61252 2.77718 3.49999
1287 6.435 2.62643 2.78602 3.49999
1288 6.44 2.64038 2.79494 3.49999
1289 6.445 2.65438 2.8039 3.49998
1290 6.45 2.66842 2.81288 3.49998
1291 6.455 2.68251 2.82187 3.49997
1292 6.46 2.69664 2.83085 3.49997
1293 6.465 2.71082 2.8398 3.49996
1294 6.47 2.72504 2.84869 3.49996
1295 6.475 2.7393 2.8575 3.49995
1296 6.48 2.75361 2.86622 3.49995
1297 6.485 2.76796 2.87481 3.49994
1298 6.49 2.78236 2.88328 3.49994
1299 6.495 2.7968 2.89158 3.49993
1300 6.5 2.81128 2.89971 3.49993
1301 6.505 2.82579 2.90764 3.49992
1302 6.51 2.84035 2.91535 3.49992
1303 6.515 2.85495 2.92283 3.49991
1304 6.52 2.86958 2.93006 3.49991
1305 6.525 2.88425 2.93701 3.4999
1306 6.53 2.89895 2.94368 3.4999
1307 6.535 2.91369 2.95004 3.49989
1308 6.54 2.92845 2.95608 3.49989
1309 6.545 2.94325 2.96178 3.49989
1310 6.55 2.95807 2.96713 3.49988
1311 6.555 2.97292 2.97211 3.49988
1312 6.56 2.98779 2.97672 3.49987
1313 6.565 3.00268 2.98094 3.49987
1314 6.57 3.0176 2.98476 3.49987
1315 6.575 3.03253 2.98817 3.49987
1316 6.58 3.04748 2.99116 3.49986
1317 6.585 3.06244 2.99372 3.49986
1318 6.59 3.07742 2.99585 3.49986
1319 6.595 3.0924 2.99754 3.49986
1320 6.6 3.10739 2.99878 3.49986
1321 6.605 3.12239 2.99958 3.49986
1322 6.61 3.13739 2.99994 3.49986
1323 6.615 -3.1308 2.99984 3.49986
1324 6.62 -3.1158 2.99929 3.49986
1325 6.625 -3.10081 2.99829 3.49986
1326 6.63 -3.08582 2.99685 3.49986
1327 6.635 -3.07084 2.99497 3.49986
1328 6.64 -3.05587 2.99265 3.49986
1329 6.645 -3.04091 2.9899 3.49987
1330 6.65 -3.02597 2.98672 3.49987
1331 6.655 -3.01105 2.98313 3.49987
1332 6.66 -2.99614 2.97914 3.49987
1333 6.665 -2.98125 2.97474 3.49988
1334 6.67 -2.96639 2.96997 3.49988
1335 6.675 -2.95155 2.96482 3.49988
1336 6.68 -2.93674 2.95931 3.49989
1337 6.685 -2.92196 2.95346 3.49989
1338 6.69 -2.90721 2.94728 3.4999
1339 6.695 -2.89249 2.94079 3.4999
1340 6.7 -2.8778 2.93399 3.4999
1341 6.705 -2.86315 2.92692 3.49991
1342 6.71 -2.84853 2.91958 3.49991
1343 6.715 -2.83395 2.91199 3.49992
1344 6.72 -2.81941 2.90418 3.49992
1345 6.725 -2.80491 2.89616 3.49993
1346 6.73 -2.79045 2.88795 3.49993
1347 6.735 -2.77603 2.87958 3.49994
1348 6.74 -2.76165 2.87105 3.49994
1349 6.745 -2.74732 2.8624 3.49995
1350 6.75 -2.73303 2.85364 3.49995
1351 6.755 -2.71878 2.84479 3.49996
1352 6.76 -2.70458 2.83587 3.49996
1353 6.765 -2.69043 2.82691 3.49997
1354 6.77 -2.67631 2.81793 3.49997
1355 6.775 -2.66225 2.80893 3.49998
1356 6.78 -2.64822 2.79996 3.49998
1357 6.785 -2.63425 2.79102 3.49999
1358 6.79 -2.62031 2.78213 3.49999
1359 6.795 -2.60643 2.77332 3.5
1360 6.8 -2.59258 2.7646 3.5
1361 6.805 -2.57878 2.756 3.5
1362 6.81 -2.56502 2.74754 3.50001
1363 6.815 -2.5513 2.73922 3.50001
1364 6.82 -2.53763 2.73107 3.50002
1365 6.825 -2.52399 2.72312 3.50002
1366 6.83 -2.5104 2.71536 3.50002
1367 6.835 -2.49684 2.70783 3.50003
1368 6.84 -2.48332 2.70053 3.50003
1369 6.845 -2.46983 2.69349 3.50003
1370 6.85 -2.45638 2.68672 3.50004
1371 6.855 -2.44297 2.68023 3.50004
1372 6.86 -2.42958 2.67403 3.50004
1373 6.865 -2.41623 2.66815 3.50004
1374 6.87 -2.4029 2.66259 3.50005
1375 6.875 -2.3896 2.65737 3.50005
1376 6.88 -2.37633 2.65249 3.50005
1377 6.885 -2.36308 2.64798 3.50005
1378 6.89 -2.34985 2.64383 3.50005
1379 6.895 -2.33664 2.64006 3.50006
1380 6.9 -2.32345 2.63668 3.50006
1381 6.905 -2.31027 2.63369 3.50006
1382 6.91 -2.29711 2.63111 3.50006
1383 6.915 -2.28396 2.62894 3.50006
1384 6.92 -2.27082 2.62718 3.50006
1385 6.925 -2.25769 2.62585 3.50006
1386 6.93 -2.24456 2.62495 3.50007
1387 6.935 -2.23144 2.62448 3.50007
1388 6.94 -2.21832 2.62445 3.50007
1389 6.945 -2.20519 2.62485 3.50007
1390 6.95 -2.19207 2.6257 3.50007
1391 6.955 -2.17894 2.62699 3.50007
1392 6.96 -2.1658 2.62872 3.50007
1393 6.965 -2.15265 2.6309 3.50007
1394 6.97 -2.13949 2.63352 3.50007
1395 6.975 -2.12632 2.63658 3.50007
1396 6.98 -2.11312 2.64007 3.50007
1397 6.985 -2.09991 2.64401 3.50007
1398 6.99 -2.08668 2.64837 3.50007
1399 6.995 -2.07343 2.65316 3.50006
1400 7 -2.06015 2.65838 3.50006
1401 7.005 -2.04685 2.66401 3.50006
1402 7.01 -2.03351 2.67004 3.50006
1403 7.015 -2.02015 2.67648 3.50006
1404 7.02 -2.00675 2.68331 3.50006
1405 7.025 -1.99331 2.69052 3.50006
1406 7.03 -1.97984 2.6981 3.50005
1407 7.035 -1.96633 2.70604 3.50005
1408 7.04 -1.95278 2.71433 3.50005
1409 7.045 -1.93919 2.72296 3.50005
1410 7.05 -1.92555 2.7319 3.50004
1411 7.055 -1.91187 2.74116 3.50004
1412 7.06 -1.89814 2.7507 3.50004
1413 7.065 -1.88436 2.76052 3.50003
1414 7.07 -1.87054 2.77059 3.50003
1415 7.075 -1.85666 2.78091 3.50003
1416 7.08 -1.84273 2.79144 3.50002
1417 7.085 -1.82874 2.80217 3.50002
1418 7.09 -1.8147 2.81308 3.50001
1419 7.095 -1.80061 2.82415 3.50001
1420 7.1 -1.78646 2.83535 3.5
1421 7.105 -1.77226 2.84667 3.5
1422 7.11 -1.758 2.85807 3.49999
1423 7.115 -1.74368 2.86954 3.49999
1424 7.12 -1.7293 2.88104 3.49998
1425 7.125 -1.71487 2.89256 3.49997
1426 7.13 -1.70038 2.90406 3.49997
1427 7.135 -1.68583 2.91551 3.49996
1428 7.14 -1.67122 2.9269 3.49995
1429 7.145 -1.65656 2.93819 3.49994
1430 7.15 -1.64184 2.94935 3.49994
1431 7.155 -1.62706 2.96035 3.49993
1432 7.16 -1.61224 2.97117 3.49992
1433 7.165 -1.59735 2.98177 3.49991
1434 7.17 -1.58242 2.99212 3.49991
1435 7.175 -1.56743 3.0022 3.4999
1436 7.18 -1.5524 3.01197 3.49989
1437 7.185 -1.53731 3.02141 3.49988
1438 7.19 -1.52218 3.03047 3.49987
1439 7.195 -1.50701 3.03914 3.49987
1440 7.2 -1.49179 3.04739 3.49986
1441 7.205 -1.47653 3.05517 3.49985
1442 7.21 -1.46124 3.06248 3.49984
1443 7.215 -1.44591 3.06927 3.49983
1444 7.22 -1.43055 3.07552 3.49983
1445 7.225 -1.41515 3.0812 3.49982
1446 7.23 -1.39973 3.08629 3.49981
1447 7.235 -1.38429 3.09076 3.49981
1448 7.24 -1.36883 3.09459 3.4998
1449 7.245 -1.35334 3.09775 3.49979
1450 7.25 -1.33785 3.10022 3.49979
1451 7.255 -1.32234 3.10199 3.49978
1452 7.26 -1.30683 3.10303 3.49978
1453 7.265 -1.29131 3.10333 3.49977
1454 7.27 -1.2758 3.10287 3.49977
1455 7.275 -1.26028 3.10163 3.49977
1456 7.28 -1.24478 3.0996 3.49976
1457 7.285 -1.22929 3.09677 3.49976
1458 7.29 -1.21381 3.09313 3.49976
1459 7.295 -1.19836 3.08868 3.49976
1460 7.3 -1.18292 3.0834 3.49976
1461 7.305 -1.16752 3.0773 3.49976
1462 7.31 -1.15215 3.07036 3.49976
1463 7.315 -1.13682 3.06259 3.49976
1464 7.32 -1.12153 3.054 3.49976
1465 7.325 -1.10628 3.04457 3.49977
1466 7.33 -1.09108 3.03433 3.49977
1467 7.335 -1.07593 3.02327 3.49977
1468 7.34 -1.06085 3.0114 3.49978
1469 7.345 -1.04582 2.99873 3.49978
1470 7.35 -1.03086 2.98528 3.49979
1471 7.355 -1.01597 2.97105 3.49979
1472 7.36 -1.00115 2.95607 3.4998
1473 7.365 -0.986408 2.94034 3.4998
1474 7.37 -0.971746 2.92389 3.49981
1475 7.375 -0.957169 2.90673 3.49982
1476 7.38 -0.942679 2.88889 3.49982
1477 7.385 -0.92828 2.87038 3.49983
1478 7.39 -0.913975 2.85123 3.49984
1479 7.395 -0.899767 2.83146 3.49985
1480 7.4 -0.88566 2.81109 3.49985
1481 7.405 -0.871656 2.79015 3.49986
1482 7.41 -0.857759 2.76867 3.49987
1483 7.415 -0.84397 2.74666 3.49988
1484 7.42 -0.830292 2.72417 3.49989
1485 7.425 -0.816728 2.7012 3.49989
1486 7.43 -0.80328 2.6778 3.4999
1487 7.435 -0.78995 2.65399 3.49991
1488 7.44 -0.77674 2.62979 3.49992
1489 7.445 -0.763652 2.60524 3.49992
1490 7.45 -0.750688 2.58036 3.49993
1491 7.455 -0.737849 2.55518 3.49994
1492 7.46 -0.725136 2.52972 3.49995
1493 7.465 -0.712551 2.50402 3.49995
1494 7.47 -0.700096 2.4781 3.49996
1495 7.475 -0.68777 2.45199 3.49997
1496 7.48 -0.675576 2.42571 3.49997
1497 7.485 -0.663513 2.39929 3.49998
1498 7.49 -0.651583 2.37276 3.49998
1499 7.495 -0.639786 2.34614 3.49999
1500 7.5 -0.628122 2.31945 3.49999
1501 7.505 -0.616591 2.29272 3.5
1502 7.51 -0.605194 2.26597 3.5
1503 7.515 -0.593931 2.23922 3.50001
1504 7.52 -0.582802 2.2125 3.50001
1505 7.525 -0.571807 2.18582 3.50001
1506 7.53 -0.560944 2.1592 3.50002
1507 7.535 -0.550214 2.13268 3.50002
1508 7.54 -0.539617 2.10625 3.50002
1509 7.545 -0.529152 2.07995 3.50002
1510 7.55 -0.518818 2.05379 3.50003
1511 7.555 -0.508614 2.02778 3.50003
1512 7.56 -0.49854 2.00194 3.50003
1513 7.565 -0.488595 1.97629 3.50003
1514 7.57 -0.478777 1.95084 3.50003
1515 7.575 -0.469086 1.92561 3.50003
1516 7.58 -0.459521 1.9006 3.50003
1517 7.585 -0.45008 1.87583 3.50004
1518 7.59 -0.440763 1.85131 3.50004
1519 7.595 -0.431567 1.82706 3.50004
1520 7.6 -0.422492 1.80307 3.50004
1521 7.605 -0.413536 1.77937 3.50004
1522 7.61 -0.404698 1.75596 3.50004
1523 7.615 -0.395977 1.73285 3.50004
1524 7.62 -0.38737 1.71004 3.50004
1525 7.625 -0.378876 1.68755 3.50004
1526 7.63 -0.370494 1.66539 3.50004
1527 7.635 -0.362223 1.64354 3.50004
1528 7.64 -0.354059 1.62204 3.50004
1529 7.645 -0.346002 1.60087 3.50003
1530 7.65 -0.33805 1.58005 3.50003
1531 7.655 -0.330202 1.55957 3.50003
1532 7.66 -0.322455 1.53945 3.50003
1533 7.665 -0.314807 1.51968 3.50003
1534 7.67 -0.307258 1.50027 3.50003
1535 7.675 -0.299805 1.48122 3.50003
1536 7.68 -0.292446 1.46254 3.50003
1537 7.685 -0.285179 1.44423 3.50003
1538 7.69 -0.278003 1.42628 3.50003
1539 7.695 -0.270916 1.40871 3.50003
1540 7.7 -0.263916 1.39151 3.50003
1541 7.705 -0.257001 1.37468 3.50003
1542 7.71 -0.250169 1.35823 3.50002
1543 7.715 -0.243419 1.34215 3.50002
1544 7.72 -0.236748 1.32645 3.50002
1545 7.725 -0.230154 1.31112 3.50002
1546 7.73 -0.223637 1.29618 3.50002
1547 7.735 -0.217193 1.28161 3.50002
1548 7.74 -0.210821 1.26741 3.50002
1549 7.745 -0.204519 1.25359 3.50002
1550 7.75 -0.198285 1.24015 3.50002
1551 7.755 -0.192117 1.22709 3.50002
1552 7.76 -0.186014 1.2144 3.50002
1553 7.765 -0.179973 1.20208 3.50001
1554 7.77 -0.173993 1.19014 3.50001
1555 7.775 -0.168072 1.17857 3.50001
1556 7.78 -0.162207 1.16738 3.50001
1557 7.785 -0.156398 1.15655 3.50001
1558 7.79 -0.150642 1.1461 3.50001
1559 7.795 -0.144937 1.13601 3.50001
1560 7.8 -0.139282 1.1263 3.50001
1561 7.805 -0.133674 1.11695 3.50001
1562 7.81 -0.128112 1.10797 3.50001
1563 7.815 -0.122594 1.09936 3.50001
1564 7.82 -0.117119 1.09111 3.50001
1565 7.825 -0.111683 1.08322 3.50001
1566 7.83 -0.106286 1.0757 3.50001
1567 7.835 -0.100926 1.06854 3.5
1568 7.84 -0.0956009 1.06174 3.5
1569 7.845 -0.0903088 1.05529 3.5
1570 7.85 -0.085048 1.04921 3.5
1571 7.855 -0.0798167 1.04349 3.5
1572 7.86 -0.0746131 1.03812 3.5
1573 7.865 -0.0694355 1.03311 3.5
1574 7.87 -0.064282 1.02845 3.5
1575 7.875 -0.059151 1.02415 3.5
1576 7.88 -0.0540405 1.02021 3.5
1577 7.885 -0.0489489 1.01661 3.5
1578 7.89 -0.0438744 1.01337 3.5
1579 7.895 -0.0388152 1.01048 3.5
1580 7.9 -0.0337696 1.00795 3.5
1581 7.905 -0.0287358 1.00576 3.5
1582 7.91 -0.023712 1.00393 3.5
1583 7.915 -0.0186965 1.00244 3.5
1584 7.92 -0.0136875 1.00131 3.5
1585 7.925 -0.00868338 1.00053 3.5
1586 7.93 -0.00368227 1.00009 3.5
1587 7.935 0.00131756 1.00001 3.5
1588 7.94 0.00631785 1.00028 3.5
1589 7.945 0.0113204 1.0009 3.5
1590 7.95 0.0163268 1.00186 3.5
1591 7.955 0.021339 1.00318 3.5
1592 7.96 0.0263586 1.00485 3.5
1593 7.965 0.0313875 1.00687 3.5
1594 7.97 0.0364273 1.00924 3.5
1595 7.975 0.0414799 1.01196 3.5
1596 7.98 0.0465469 1.01504 3.5
1597 7.985 0.0516302 1.01846 3.5
1598 7.99 0.0567316 1.02224 3.5
1599 7.995 0.0618526 1.02637 3.5
1600 8 0.0669953 1.03086 3.5
1601 8.005 0.0721613 1.03571 3.5
1602 8.01 0.0773523 1.0409 3.5
1603 8.015 0.0825703 1.04646 3.5
1604 8.02 0.0878169 1.05237 3.5
1605 8.025 0.093094 1.05864 3.5
1606 8.03 0.0984034 1.06527 3.5
1607 8.035 0.103747 1.07227 3.50001
1608 8.04 0.109126 1.07962 3.50001
1609 8.045 0.114543 1.08733 3.50001
1610 8.05 0.119999 1.09541 3.50001
1611 8.055 0.125497 1.10385 3.50001
1612 8.06 0.131038 1.11266 3.50001
1613 8.065 0.136624 1.12183 3.50001
1614 8.07 0.142256 1.13137 3.50001
1615 8.075 0.147937 1.14128 3.50001
1616 8.08 0.153669 1.15156 3.50001
1617 8.085 0.159453 1.16221 3.50001
1618 8.09 0.165291 1.17323 3.50001
1619 8.095 0.171185 1.18462 3.50001
1620 8.1 0.177137 1.19639 3.50001
1621 8.105 0.183149 1.20853 3.50001
1622 8.11 0.189223 1.22104 3.50002
1623 8.115 0.19536 1.23393 3.50002
1624 8.12 0.201562 1.24719 3.50002
1625 8.125 0.207832 1.26083 3.50002
1626 8.13 0.21417 1.27485 3.50002
1627 8.135 0.22058 1.28924 3.50002
1628 8.14 0.227063 1.30401 3.50002
1629 8.145 0.23362 1.31915 3.50002
1630 8.15 0.240254 1.33468 3.50002
1631 8.155 0.246967 1.35058 3.50002
1632 8.16 0.25376 1.36685 3.50002
1633 8.165 0.260635 1.3835 3.50003
1634 8.17 0.267595 1.40053 3.50003
1635 8.175 0.274641 1.41793 3.50003
1636 8.18 0.281774 1.43569 3.50003
1637 8.185 0.288998 1.45383 3.50003
1638 8.19 0.296313 1.47234 3.50003
1639 8.195 0.303721 1.49122 3.50003
1640 8.2 0.311225 1.51045 3.50003
1641 8.205 0.318826 1.53005 3.50003
1642 8.21 0.326525 1.55001 3.50003
1643 8.215 0.334326 1.57032 3.50003
1644 8.22 0.342228 1.59098 3.50003
1645 8.225 0.350235 1.61198 3.50004
1646 8.23 0.358348 1.63333 3.50004
1647 8.235 0.366569 1.65501 3.50004
1648 8.24 0.374898 1.67703 3.50004
1649 8.245 0.383339 1.69937 3.50004
1650 8.25 0.391892 1.72202 3.50004
1651 8.255 0.400559 1.74499 3.50004
1652 8.26 0.409342 1.76826 3.50004
1653 8.265 0.418242 1.79183 3.50004
1654 8.27 0.42726 1.81568 3.50004
1655 8.275 0.436399 1.83981 3.50004
1656 8.28 0.445658 1.8642 3.50004
1657 8.285 0.455041 1.88885 3.50003
1658 8.29 0.464547 1.91375 3.50003
1659 8.295 0.474178 1.93888 3.50003
1660 8.3 0.483936 1.96423 3.50003
1661 8.305 0.49382 1.98979 3.50003
1662 8.31 0.503833 2.01554 3.50003
1663 8.315 0.513976 2.04147 3.50003
1664 8.32 0.524248 2.06756 3.50002
1665 8.325 0.534651 2.0938 3.50002
1666 8.33 0.545186 2.12017 3.50002
1667 8.335 0.555853 2.14665 3.50002
1668 8.34 0.566653 2.17322 3.50001
1669 8.345 0.577585 2.19987 3.50001
1670 8.35 0.588651 2.22658 3.50001
1671 8.355 0.599851 2.25332 3.5
1672 8.36 0.611184 2.28007 3.5
1673 8.365 0.622652 2.30681 3.49999
1674 8.37 0.634253 2.33352 3.49999
1675 8.375 0.645987 2.36018 3.49998
1676 8.38 0.657854 2.38676 3.49998
1677 8.385 0.669854 2.41323 3.49997
1678 8.39 0.681987 2.43958 3.49997
1679 8.395 0.69425 2.46577 3.49996
1680 8.4 0.706644 2.49179 3.49996
1681 8.405 0.719168 2.5176 3.49995
1682 8.41 0.73182 2.54317 3.49994
1683 8.415 0.7446 2.56848 3.49994
1684 8.42 0.757505 2.59351 3.49993
1685 8.425 0.770535 2.61822 3.49992
1686 8.43 0.783687 2.64259 3.49991
1687 8.435 0.796961 2.66659 3.49991
1688 8.44 0.810353 2.69019 3.4999
1689 8.445 0.823863 2.71336 3.49989
1690 8.45 0.837487 2.73608 3.49988
1691 8.455 0.851224 2.75832 3.49987
1692 8.46 0.86507 2.78006 3.49987
1693 8.465 0.879024 2.80126 3.49986
1694 8.47 0.893083 2.8219 3.49985
1695 8.475 0.907243 2.84195 3.49984
1696 8.48 0.921502 2.8614 3.49984
1697 8.485 0.935857 2.88022 3.49983
1698 8.49 0.950305 2.89838 3.49982
1699 8.495 0.964841 2.91586 3.49981
1700 8.5 0.979463 2.93265 3.49981
1701 8.505 0.994168 2.94872 3.4998
1702 8.51 1.00895 2.96406 3.49979
1703 8.515 1.02381 2.97865 3.49979
1704 8.52 1.03874 2.99247 3.49978
1705 8.525 1.05373 3.00551 3.49978
1706 8.53 1.06879 3.01775 3.49977
1707 8.535 1.08391 3.0292 3.49977
1708 8.54 1.09908 3.03983 3.49977
1709 8.545 1.11431 3.04964 3.49976
1710 8.55 1.12958 3.05863 3.49976
1711 8.555 1.14489 3.06679 3.49976
1712 8.56 1.16025 3.07412 3.49976
1713 8.565 1.17564 3.08062 3.49976
1714 8.57 1.19105 3.08629 3.49976
1715 8.575 1.2065 3.09113 3.49976
1716 8.58 1.22197 3.09515 3.49976
1717 8.585 1.23745 3.09836 3.49976
1718 8.59 1.25295 3.10077 3.49977
1719 8.595 1.26846 3.10238 3.49977
1720 8.6 1.28397 3.10321 3.49977
1721 8.605 1.29949 3.10327 3.49978
1722 8.61 1.31501 3.10258 3.49978
1723 8.615 1.33052 3.10115 3.49979
1724 8.62 1.34602 3.09901 3.49979
1725 8.625 1.36151 3.09617 3.4998
1726 8.63 1.37698 3.09265 3.4998
1727 8.635 1.39243 3.08848 3.49981
1728 8.64 1.40786 3.08368 3.49982
1729 8.645 1.42327 3.07828 3.49982
1730 8.65 1.43865 3.07229 3.49983
1731 8.655 1.45399 3.06575 3.49984
1732 8.66 1.4693 3.05869 3.49985
1733 8.665 1.48458 3.05113 3.49985
1734 8.67 1.49982 3.0431 3.49986
1735 8.675 1.51501 3.03462 3.49987
1736 8.68 1.53016 3.02574 3.49988
1737 8.685 1.54527 3.01648 3.49989
1738 8.69 1.56033 3.00686 3.49989
1739 8.695 1.57534 2.99693 3.4999
1740 8.7 1.5903 2.9867 3.49991
1741 8.705 1.6052 2.97621 3.49992
1742 8.71 1.62006 2.96549 3.49993
1743 8.715 1.63486 2.95457 3.49993
1744 8.72 1.6496 2.94348 3.49994
1745 8.725 1.66429 2.93225 3.49995
1746 8.73 1.67893 2.92091 3.49996
1747 8.735 1.6935 2.90948 3.49996
1748 8.74 1.70802 2.898 3.49997
1749 8.745 1.72248 2.88649 3.49998
1750 8.75 1.73689 2.87497 3.49998
1751 8.755 1.75123 2.86349 3.49999
1752 8.76 1.76552 2.85205 3.49999
1753 8.765 1.77975 2.84069 3.5
1754 8.77 1.79393 2.82943 3.50001
1755 8.775 1.80805 2.8183 3.50001
1756 8.78 1.82211 2.80731 3.50002
1757 8.785 1.83612 2.79649 3.50002
1758 8.79 1.85008 2.78586 3.50002
1759 8.795 1.86398 2.77544 3.50003
1760 8.8 1.87783 2.76525 3.50003
1761 8.805 1.89163 2.75531 3.50004
1762 8.81 1.90538 2.74564 3.50004
1763 8.815 1.91909 2.73624 3.50004
1764 8.82 1.93275 2.72715 3.50005
1765 8.825 1.94636 2.71837 3.50005
1766 8.83 1.95993 2.70992 3.50005
1767 8.835 1.97346 2.70181 3.50005
1768 8.84 1.98695 2.69406 3.50006
1769 8.845 2.0004 2.68667 3.50006
1770 8.85 2.01381 2.67966 3.50006
1771 8.855 2.0272 2.67304 3.50006
1772 8.86 2.04054 2.66681 3.50006
1773 8.865 2.05386 2.66099 3.50006
1774 8.87 2.06715 2.65558 3.50006
1775 8.875 2.08042 2.65059 3.50007
1776 8.88 2.09366 2.64602 3.50007
1777 8.885 2.10688 2.64188 3.50007
1778 8.89 2.12008 2.63818 3.50007
1779 8.895 2.13326 2.63491 3.50007
1780 8.9 2.14643 2.63208 3.50007
1781 8.905 2.15958 2.6297 3.50007
1782 8.91 2.17272 2.62775 3.50007
1783 8.915 2.18586 2.62625 3.50007
1784 8.92 2.19899 2.6252 3.50007
1785 8.925 2.21211 2.62458 3.50007
1786 8.93 2.22523 2.62441 3.50007
1787 8.935 2.23836 2.62467 3.50007
1788 8.94 2.25148 2.62537 3.50006
1789 8.945 2.26461 2.6265 3.50006
1790 8.95 2.27774 2.62806 3.50006
1791 8.955 2.29089 2.63003 3.50006
1792 8.96 2.30405 2.63242 3.50006
1793 8.965 2.31721 2.63521 3.50006
1794 8.97 2.3304 2.63841 3.50006
1795 8.975 2.3436 2.642 3.50006
1796 8.98 2.35682 2.64597 3.50005
1797 8.985 2.37006 2.65031 3.50005
1798 8.99 2.38332 2.65502 3.50005
1799 8.995 2.39661 2.66008 3.50005
1800 9 2.40992 2.66548 3.50005
1801 9.005 2.42326 2.67121 3.50004
1802 9.01 2.43663 2.67726 3.50004
1803 9.015 2.45004 2.68361 3.50004
1804 9.02 2.46347 2.69025 3.50003
1805 9.025 2.47694 2.69717 3.50003
1806 9.03 2.49044 2.70435 3.50003
1807 9.035 2.50398 2.71177 3.50002
1808 9.04 2.51756 2.71942 3.50002
1809 9.045 2.53118 2.72729 3.50002
1810 9.05 2.54483 2.73535 3.50001
1811 9.055 2.55853 2.74358 3.50001
1812 9.06 2.57227 2.75198 3.50001
1813 9.065 2.58605 2.76052 3.5
1814 9.07 2.59987 2.76918 3.5
1815 9.075 2.61374 2.77795 3.49999
1816 9.08 2.62765 2.7868 3.49999
1817 9.085 2.64161 2.79572 3.49998
1818 9.09 2.65561 2.80468 3.49998
1819 9.095 2.66966 2.81367 3.49998
1820 9.1 2.68375 2.82266 3.49997
1821 9.105 2.69788 2.83164 3.49997
1822 9.11 2.71206 2.84058 3.49996
1823 9.115 2.72629 2.84946 3.49996
1824 9.12 2.74056 2.85827 3.49995
1825 9.125 2.75487 2.86698 3.49995
1826 9.13 2.76923 2.87556 3.49994
1827 9.135 2.78363 2.88401 3.49994
1828 9.14 2.79807 2.8923 3.49993
1829 9.145 2.81255 2.90041 3.49993
1830 9.15 2.82707 2.90833 3.49992
1831 9.155 2.84163 2.91602 3.49992
1832 9.16 2.85623 2.92348 3.49991
1833 9.165 2.87087 2.93068 3.49991
1834 9.17 2.88554 2.93761 3.4999
1835 9.175 2.90024 2.94425 3.4999
1836 9.18 2.91498 2.95058 3.49989
1837 9.185 2.92975 2.95659 3.49989
1838 9.19 2.94455 2.96226 3.49988
1839 9.195 2.95937 2.96758 3.49988
1840 9.2 2.97422 2.97253 3.49988
1841 9.205 2.9891 2.97711 3.49987
1842 9.21 3.00399 2.98129 3.49987
1843 9.215 3.01891 2.98507 3.49987
1844 9.22 3.03384 2.98845 3.49987
1845 9.225 3.04879 2.9914 3.49986
1846 9.23 3.06376 2.99392 3.49986
1847 9.235 3.07873 2.99601 3.49986
1848 9.24 3.09372 2.99767 3.49986
1849 9.245 3.10871 2.99887 3.49986
1850 9.25 3.12371 2.99963 3.49986
1851 9.255 3.13871 2.99994 3.49986
1852 9.26 -3.12948 2.99981 3.49986
1853 9.265 -3.11449 2.99922 3.49986
1854 9.27 -3.09949 2.99818 3.49986
1855 9.275 -3.0845 2.9967 3.49986
1856 9.28 -3.06952 2.99478 3.49986
1857 9.285 -3.05456 2.99242 3.49986
1858 9.29 -3.0396 2.98963 3.49987
1859 9.295 -3.02466 2.98642 3.49987
1860 9.3 -3.00974 2.9828 3.49987
1861 9.305 -2.99483 2.97877 3.49987
1862 9.31 -2.97995 2.97434 3.49988
1863 9.315 -2.96509 2.96953 3.49988
1864 9.32 -2.95025 2.96435 3.49988
1865 9.325 -2.93544 2.95881 3.49989
1866 9.33 -2.92066 2.95293 3.49989
1867 9.335 -2.90592 2.94672 3.4999
1868 9.34 -2.8912 2.9402 3.4999
1869 9.345 -2.87651 2.93338 3.4999
1870 9.35 -2.86186 2.92628 3.49991
1871 9.355 -2.84725 2.91892 3.49991
1872 9.36 -2.83267 2.91132 3.49992
1873 9.365 -2.81814 2.90349 3.49992
1874 9.37 -2.80364 2.89545 3.49993
1875 9.375 -2.78918 2.88723 3.49993
1876 9.38 -2.77477 2.87884 3.49994
1877 9.385 -2.76039 2.8703 3.49994
1878 9.39 -2.74606 2.86163 3.49995
1879 9.395 -2.73178 2.85286 3.49995
1880 9.4 -2.71754 2.84401 3.49996
1881 9.405 -2.70334 2.83509 3.49996
1882 9.41 -2.68918 2.82612 3.49997
1883 9.415 -2.67508 2.81714 3.49997
1884 9.42 -2.66101 2.80814 3.49998
1885 9.425 -2.647 2.79917 3.49998
1886 9.43 -2.63302 2.79023 3.49999
1887 9.435 -2.61909 2.78135 3.49999
1888 9.44 -2.60521 2.77255 3.5
1889 9.445 -2.59137 2.76384 3.5
1890 9.45 -2.57757 2.75525 3.5
1891 9.455 -2.56381 2.7468 3.50001
1892 9.46 -2.5501 2.7385 3.50001
1893 9.465 -2.53643 2.73037 3.50002
1894 9.47 -2.5228 2.72243 3.50002
1895 9.475 -2.50921 2.71469 3.50002
1896 9.48 -2.49565 2.70718 3.50003
1897 9.485 -2.48213 2.6999 3.50003
1898 9.49 -2.46865 2.69289 3.50003
1899 9.495 -2.4552 2.68614 3.50004
1900 9.5 -2.44179 2.67967 3.50004
1901 9.505 -2.42841 2.6735 3.50004
1902 9.51 -2.41506 2.66765 3.50004
1903 9.515 -2.40173 2.66212 3.50005
1904 9.52 -2.38843 2.65693 3.50005
1905 9.525 -2.37516 2.65208 3.50005
1906 9.53 -2.36191 2.6476 3.50005
1907 9.535 -2.34869 2.64348 3.50005
1908 9.54 -2.33548 2.63974 3.50006
1909 9.545 -2.32229 2.6364 3.50006
1910 9.55 -2.30911 2.63345 3.50006
1911 9.555 -2.29595 2.6309 3.50006
1912 9.56 -2.28281 2.62877 3.50006
1913 9.565 -2.26967 2.62705 3.50006
1914 9.57 -2.25654 2.62576 3.50006
1915 9.575 -2.24341 2.62489 3.50007
1916 9.58 -2.23029 2.62446 3.50007
1917 9.585 -2.21716 2.62447 3.50007
1918 9.59 -2.20404 2.62491 3.50007
1919 9.595 -2.19092 2.6258 3.50007
1920 9.6 -2.17778 2.62712 3.50007
1921 9.605 -2.16464 2.6289 3.50007
1922 9.61 -2.1515 2.63111 3.50007
1923 9.615 -2.13833 2.63377 3.50007
1924 9.62 -2.12516 2.63687 3.50007
1925 9.625 -2.11196 2.6404 3.50007
1926 9.63 -2.09875 2.64437 3.50007
1927 9.635 -2.08552 2.64878 3.50007
1928 9.64 -2.07227 2.6536 3.50006
1929 9.645 -2.05898 2.65886 3.50006
1930 9.65 -2.04568 2.66452 3.50006
1931 9.655 -2.03234 2.67059 3.50006
1932 9.66 -2.01897 2.67706 3.50006
1933 9.665 -2.00557 2.68393 3.50006
1934 9.67 -1.99213 2.69117 3.50006
1935 9.675 -1.97866 2.69878 3.50005
1936 9.68 -1.96514 2.70676 3.50005
1937 9.685 -1.95159 2.71508 3.50005
1938 9.69 -1.93799 2.72373 3.50005
1939 9.695 -1.92435 2.73271 3.50004
1940 9.7 -1.91067 2.74198 3.50004
1941 9.705 -1.89693 2.75155 3.50004
1942 9.71 -1.88315 2.76139 3.50003
1943 9.715 -1.86932 2.77149 3.50003
1944 9.72 -1.85544 2.78182 3.50003
1945 9.725 -1.8415 2.79237 3.50002
1946 9.73 -1.82751 2.80312 3.50002
1947 9.735 -1.81347 2.81405 3.50001
1948 9.74 -1.79937 2.82513 3.50001
1949 9.745 -1.78522 2.83634 3.5
1950 9.75 -1.77101 2.84767 3.5
1951 9.755 -1.75674 2.85908 3.49999
1952 9.76 -1.74242 2.87055 3.49998
1953 9.765 -1.72804 2.88205 3.49998
1954 9.77 -1.7136 2.89357 3.49997
1955 9.775 -1.6991 2.90506 3.49997
1956 9.78 -1.68455 2.91652 3.49996
1957 9.785 -1.66994 2.92789 3.49995
1958 9.79 -1.65527 2.93917 3.49994
1959 9.795 -1.64054 2.95032 3.49994
1960 9.8 -1.62576 2.96131 3.49993
1961 9.805 -1.61093 2.97211 3.49992
1962 9.81 -1.59604 2.98269 3.49991
1963 9.815 -1.5811 2.99302 3.49991
1964 9.82 -1.56611 3.00307 3.4999
1965 9.825 -1.55107 3.01281 3.49989
1966 9.83 -1.53598 3.02222 3.49988
1967 9.835 -1.52085 3.03125 3.49987
1968 9.84 -1.50567 3.03988 3.49986
1969 9.845 -1.49045 3.04809 3.49986
1970 9.85 -1.47519 3.05583 3.49985
1971 9.855 -1.45989 3.06309 3.49984
1972 9.86 -1.44456 3.06984 3.49983
1973 9.865 -1.42919 3.07604 3.49983
1974 9.87 -1.4138 3.08167 3.49982
1975 9.875 -1.39838 3.0867 3.49981
1976 9.88 -1.38293 3.09112 3.49981
1977 9.885 -1.36747 3.09489 3.4998
1978 9.89 -1.35198 3.09799 3.49979
1979 9.895 -1.33649 3.10041 3.49979
1980 9.9 -1.32098 3.10211 3.49978
1981 9.905 -1.30547 3.10309 3.49978
1982 9.91 -1.28995 3.10332 3.49977
1983 9.915 -1.27443 3.10279 3.49977
1984 9.92 -1.25892 3.10148 3.49977
1985 9.925 -1.24342 3.09938 3.49976
1986 9.93 -1.22793 3.09648 3.49976
1987 9.935 -1.21245 3.09277 3.49976
1988 9.94 -1.197 3.08825 3.49976
1989 9.945 -1.18157 3.0829 3.49976
1990 9.95 -1.16617 3.07672 3.49976
1991 9.955 -1.1508 3.06971 3.49976
1992 9.96 -1.13547 3.06187 3.49976
1993 9.965 -1.12018 3.0532 3.49976
1994 9.97 -1.10494 3.04371 3.49977
1995 9.975 -1.08975 3.03339 3.49977
1996 9.98 -1.07461 3.02226 3.49977
1997 9.985 -1.05953 3.01032 3.49978
1998 9.99 -1.0445 2.99758 3.49978
1999 9.995 -1.02955 2.98406 3.49979
2000 10 -1.01466 2.96977 3.49979
